592,1458,-738,604,1478,-709,614,1477,-709,622,1475,-709,576,1480,-709,565,1479,-709,556,1478,-709,631,1458,-483,536,1461,-486,610,1425,-650,571,1428,-650,696,1301,-310,460,1328,-328,735,1150,-220,357,1192,-253,717,1018,-382,230,1063,-375,723,977,-421,194,1038,-413,715,982,-472,197,1035,-477,702,996,-407,213,1036,-406,608,990,15,471,1008,-15,605,780,-47,462,781,57,560,581,315,439,586,457,539,556,341,442,562,488,593,486,158,375,541,291
587,1460,-786,599,1480,-746,608,1478,-746,617,1477,-746,569,1481,-747,558,1480,-747,547,1479,-747,626,1460,-484,523,1461,-486,606,1428,-683,565,1431,-683,689,1306,-298,454,1327,-291,759,1204,-249,357,1193,-221,803,1141,-517,223,1068,-359,823,1117,-560,190,1049,-387,817,1131,-615,195,1050,-464,804,1136,-545,211,1046,-392,600,991,-18,470,1007,18,594,745,-185,435,780,42,615,471,112,420,623,545,588,439,124,431,602,583,588,411,-157,352,532,375
571,1458,-782,583,1479,-744,594,1478,-744,604,1476,-745,552,1481,-742,542,1480,-742,530,1479,-742,614,1460,-474,506,1461,-480,591,1426,-672,552,1430,-674,673,1311,-286,449,1326,-274,756,1230,-319,347,1195,-202,779,1150,-679,200,1095,-335,795,1115,-738,149,1075,-358,783,1130,-786,150,1077,-445,770,1137,-706,173,1075,-372,598,999,-13,467,1010,13,583,771,-144,446,772,-65,569,508,108,453,544,211,555,482,118,465,514,225,585,434,-105,422,443,-2
549,1450,-768,563,1470,-717,574,1469,-717,585,1466,-718,535,1472,-720,525,1471,-720,514,1469,-720,602,1447,-422,494,1453,-436,567,1420,-647,532,1423,-651,651,1311,-183,435,1323,-253,754,1233,-112,343,1194,-276,913,1178,-342,242,1090,-530,965,1161,-376,217,1068,-566,968,1167,-459,218,1070,-643,945,1166,-385,233,1072,-566,576,999,3,435,1005,-3,579,771,-298,402,771,-156,518,510,-8,368,557,191,496,474,0,373,529,211,580,423,-303,319,460,-76
529,1422,-598,546,1442,-555,556,1441,-555,567,1440,-555,517,1441,-551,507,1439,-551,496,1438,-551,585,1423,-301,481,1417,-283,548,1393,-503,512,1391,-497,650,1288,-167,423,1282,-127,816,1243,-149,314,1183,-177,974,1204,-460,216,1094,-458,1023,1188,-505,189,1070,-490,1019,1185,-576,188,1075,-564,1002,1176,-502,202,1078,-490,573,951,-36,432,960,35,546,696,-197,340,761,-131,505,468,236,366,550,396,492,444,267,385,528,451,507,363,-104,326,442,222
511,1379,-551,527,1400,-499,537,1399,-499,548,1399,-499,500,1398,-499,490,1396,-499,479,1394,-499,567,1381,-237,465,1373,-235,530,1349,-459,495,1349,-458,629,1230,-146,409,1229,-132,793,1197,-297,291,1136,-301,952,1199,-644,175,1082,-702,999,1193,-706,133,1059,-766,996,1189,-762,141,1072,-828,973,1188,-681,160,1077,-741,558,885,-27,423,898,26,534,652,-71,361,689,-262,492,403,329,384,458,217,451,377,351,397,435,254,505,342,44,331,371,-9
500,1326,-529,518,1345,-488,529,1344,-488,542,1342,-488,489,1344,-486,479,1342,-486,469,1340,-486,562,1319,-249,453,1321,-243,517,1299,-442,484,1300,-440,603,1184,-136,396,1196,-133,759,1179,-296,297,1133,-303,906,1175,-555,234,1126,-661,956,1169,-603,212,1115,-725,944,1171,-662,227,1130,-759,923,1168,-587,236,1130,-688,522,853,-22,408,852,22,492,659,-116,381,648,-147,418,409,125,391,417,149,397,376,134,402,386,163,423,318,-119,336,348,-76
489,1289,-461,506,1307,-421,517,1306,-422,528,1305,-422,479,1308,-416,471,1307,-416,460,1307,-416,547,1283,-174,444,1290,-157,503,1257,-367,474,1261,-361,586,1138,-41,391,1167,-46,700,1116,-127,333,1121,-118,761,1174,-358,390,1115,-336,766,1153,-407,396,1103,-390,746,1163,-434,404,1120,-394,743,1159,-379,403,1120,-345,529,818,-19,409,827,18,514,646,-302,371,647,-367,460,430,-18,395,428,-39,418,404,-4,397,412,-16,476,331,-246,329,341,-234
480,1285,-431,499,1303,-404,510,1303,-404,521,1302,-404,470,1304,-392,461,1303,-392,451,1302,-392,537,1286,-191,437,1286,-141,497,1255,-349,464,1258,-334,595,1154,-75,379,1171,-14,683,1087,-156,346,1045,-45,694,1057,-414,346,1021,-321,706,1034,-510,338,1003,-385,689,1050,-528,346,1024,-413,681,1055,-422,353,1029,-341,540,830,-16,415,834,16,537,655,-241,375,639,-219,510,436,68,374,420,123,469,425,22,383,395,146,521,347,-107,333,324,-83
476,1302,-337,495,1321,-309,506,1321,-309,517,1320,-309,464,1321,-300,455,1320,-300,445,1320,-300,532,1305,-112,436,1303,-75,495,1276,-262,459,1277,-250,603,1167,7,379,1183,23,663,1055,0,319,1052,0,648,1015,-252,311,969,-233,672,990,-309,281,932,-285,663,1009,-344,307,935,-317,642,1017,-273,312,954,-252,546,859,-15,418,864,15,520,668,-411,391,664,-75,317,424,-328,445,450,158,334,415,-329,474,441,174,309,343,-554,430,357,-21
480,1316,-399,498,1337,-368,509,1337,-368,520,1336,-368,464,1336,-362,453,1335,-362,442,1334,-362,531,1321,-170,428,1317,-144,502,1286,-324,461,1287,-316,608,1181,-66,376,1183,-22,635,1032,-46,310,1042,-7,581,953,-228,314,955,-215,605,924,-276,309,920,-269,594,942,-317,328,931,-310,589,954,-249,338,945,-236,549,872,-42,423,873,42,524,714,-359,393,668,-157,394,428,-266,399,460,-69,374,424,-270,420,431,-71,415,347,-500,340,373,-262
483,1323,-459,500,1344,-425,512,1344,-425,522,1343,-425,467,1343,-419,455,1342,-419,445,1340,-420,535,1330,-210,432,1323,-152,505,1294,-377,464,1293,-365,610,1183,-76,384,1196,10,638,1053,-149,333,1063,-43,667,1075,-537,317,992,-382,687,1082,-614,316,962,-456,680,1108,-650,320,972,-496,670,1107,-561,337,967,-407,571,903,-45,454,904,45,528,713,-315,424,675,-134,546,430,-130,414,465,47,527,430,-126,431,436,51,518,355,-402,336,387,-193
488,1324,-264,505,1344,-234,516,1343,-234,526,1342,-234,472,1344,-228,461,1342,-228,451,1341,-228,539,1329,-49,438,1325,-18,509,1296,-192,469,1296,-183,605,1192,17,396,1199,110,648,1065,-81,356,1073,20,667,1109,-365,336,1026,-340,677,1099,-427,323,1001,-412,666,1121,-440,336,1022,-438,661,1123,-379,342,1022,-361,578,917,-66,458,926,66,531,711,-298,423,756,-24,562,443,-228,432,548,179,573,430,-238,454,523,190,520,358,-474,382,486,63
490,1320,-263,507,1344,-237,517,1343,-237,527,1343,-237,475,1341,-227,464,1338,-227,454,1334,-227,542,1331,-73,439,1316,-22,511,1294,-199,472,1289,-184,605,1198,-37,398,1193,111,651,1096,-191,380,1052,31,614,1107,-516,366,1046,-333,599,1095,-586,374,1025,-406,589,1119,-582,366,1079,-428,592,1121,-518,386,1058,-352,598,918,-80,475,923,79,550,722,-340,457,741,-115,567,444,-245,554,491,2,580,432,-245,573,456,8,548,360,-455,535,390,-136
502,1322,-360,513,1346,-331,522,1346,-331,531,1346,-331,488,1344,-323,479,1342,-323,470,1339,-323,548,1336,-118,455,1317,-77,522,1297,-284,488,1294,-273,642,1220,-4,412,1210,128,699,1111,-148,391,1063,12,683,1069,-561,363,1124,-680,657,1056,-655,359,1134,-790,628,1072,-683,351,1160,-813,649,1084,-580,368,1156,-704,619,934,-86,495,927,86,555,720,-479,468,733,11,560,450,-419,561,544,324,573,429,-427,570,511,345,537,354,-739,526,437,131
506,1325,-555,519,1347,-534,528,1349,-534,538,1352,-535,494,1346,-510,484,1344,-510,476,1342,-510,563,1344,-330,472,1319,-212,530,1297,-472,499,1296,-439,656,1233,-257,440,1219,60,741,1145,-495,379,1106,-147,746,1112,-914,352,1219,-733,752,1101,-1002,347,1263,-819,734,1117,-1016,349,1275,-823,731,1119,-927,367,1257,-750,625,933,-130,517,922,130,486,704,-467,459,713,1,593,531,77,545,529,358,617,536,132,565,498,385,592,413,-1,534,421,202
523,1309,-519,542,1338,-504,553,1340,-504,560,1342,-505,520,1333,-477,514,1331,-477,504,1328,-477,578,1331,-331,508,1314,-198,546,1286,-445,518,1281,-410,655,1211,-271,461,1214,50,760,1143,-627,374,1133,-110,736,1154,-1041,410,1162,-561,749,1165,-1122,417,1172,-569,731,1180,-1087,431,1187,-515,725,1171,-1033,434,1181,-520,634,897,-143,523,889,143,471,722,-768,461,704,-48,583,563,-301,566,541,338,609,563,-251,598,528,376,566,447,-376,536,439,230
554,1252,-533,579,1287,-530,583,1286,-531,586,1284,-531,562,1285,-486,561,1291,-487,557,1289,-487,612,1259,-431,560,1269,-224,568,1230,-491,548,1233,-433,656,1159,-429,499,1173,42,807,1186,-734,401,1173,379,924,1268,-1063,382,1253,672,964,1290,-1133,378,1271,729,963,1297,-1169,385,1281,711,948,1285,-1092,394,1274,670,634,866,-169,545,860,169,554,728,-620,566,686,50,623,534,-297,691,540,420,644,523,-265,718,516,451,555,458,-464,678,433,274
546,1231,-621,570,1265,-614,581,1268,-614,586,1268,-614,547,1267,-566,543,1268,-566,539,1269,-566,616,1242,-480,536,1256,-263,561,1213,-567,536,1211,-504,652,1134,-483,501,1159,10,788,1114,-932,398,1170,2,879,1202,-1270,389,1233,-127,841,1199,-1364,401,1251,-151,824,1211,-1324,411,1255,109,827,1211,-1266,412,1250,-102,634,827,-179,558,822,179,568,685,-695,518,685,-170,707,504,-300,634,525,346,745,500,-264,665,510,390,707,422,-467,588,439,170
530,1161,-573,551,1183,-592,557,1182,-592,561,1182,-592,539,1185,-536,533,1187,-536,528,1188,-536,601,1174,-577,544,1185,-307,543,1142,-551,530,1145,-477,652,1098,-579,512,1107,-46,805,1129,-824,403,1154,327,957,1200,-1080,370,1220,601,999,1193,-1148,386,1238,648,1000,1196,-1193,389,1241,624,988,1194,-1110,375,1229,594,635,785,-215,585,796,215,506,673,-326,619,619,350,684,497,115,755,454,682,664,493,166,790,435,715,675,385,103,758,388,625
541,1188,-524,567,1210,-509,574,1208,-509,579,1206,-510,552,1214,-472,547,1216,-472,544,1217,-472,600,1194,-339,545,1207,-186,550,1167,-460,533,1171,-412,650,1112,-393,492,1121,153,792,1170,-633,416,1081,532,864,1278,-872,447,1114,731,908,1304,-945,452,1124,763,893,1312,-969,458,1131,752,888,1290,-904,455,1126,730,631,794,-210,558,788,210,513,608,-345,587,579,182,635,402,64,723,412,445,641,413,27,785,399,469,620,293,-63,719,315,314
567,1215,-389,585,1231,-347,591,1235,-347,597,1237,-347,570,1231,-345,566,1237,-345,560,1233,-345,601,1227,-103,548,1231,-106,572,1200,-299,552,1213,-300,643,1132,-59,487,1132,91,721,1037,-126,407,1144,-167,736,972,-369,424,1234,-650,749,948,-438,426,1257,-754,741,962,-473,434,1267,-754,735,969,-392,435,1257,-669,605,812,-125,546,797,125,550,613,-318,555,612,-16,635,374,-293,665,396,73,655,362,-306,704,378,72,613,297,-527,648,307,-118
563,1304,-397,582,1312,-351,590,1307,-351,600,1301,-351,560,1322,-345,554,1324,-345,547,1323,-345,612,1277,-89,540,1305,-70,574,1269,-301,544,1285,-297,639,1134,-111,482,1142,177,707,1069,-352,413,1075,-60,621,1067,-609,449,1116,-593,603,1062,-539,457,1120,-681,588,1072,-734,462,1141,-687,594,1070,-658,463,1137,-609,605,826,-159,540,817,159,531,599,-359,547,614,-13,635,368,-290,646,382,147,660,343,-292,683,355,148,607,289,-504,641,299,-44
560,1338,-414,577,1353,-390,585,1350,-390,593,1347,-391,549,1357,-358,535,1357,-358,523,1357,-358,607,1328,-174,513,1343,-111,570,1304,-349,528,1311,-324,641,1180,-112,459,1205,120,704,1074,-251,408,1086,-186,678,1023,-567,448,1117,-800,679,1004,-630,437,1103,-905,671,1020,-664,447,1127,-918,667,1025,-584,448,1131,-820,605,857,-156,519,854,156,540,603,-389,445,628,-28,643,371,-341,624,411,214,685,334,-348,682,388,226,603,279,-611,602,326,46
547,1359,-695,570,1376,-646,584,1373,-646,590,1371,-647,524,1381,-636,510,1382,-636,497,1383,-636,606,1352,-355,481,1363,-307,568,1323,-585,513,1329,-571,640,1207,-123,420,1218,-90,668,1062,-280,344,1059,-201,645,997,-656,431,1020,-704,640,973,-713,440,985,-813,630,993,-734,450,1028,-848,624,1001,-672,449,1037,-727,585,876,-117,463,879,116,551,618,-458,434,696,-189,648,375,-210,545,496,320,682,348,-207,577,474,363,601,274,-512,492,438,104
529,1377,-593,550,1399,-562,566,1398,-562,577,1396,-562,504,1399,-542,490,1399,-542,478,1398,-542,592,1382,-303,463,1378,-251,558,1348,-506,500,1347,-482,639,1229,-156,409,1233,-47,671,1073,-337,355,1069,-162,582,1040,-746,427,1063,-630,561,1019,-842,437,1037,-730,547,1041,-845,442,1067,-765,548,1046,-753,446,1079,-653,585,909,-68,453,921,68,574,635,-376,381,788,-426,644,387,-202,419,560,-84,669,362,-203,435,571,-61,608,292,-515,332,516,-320
515,1385,-664,532,1412,-630,546,1412,-630,558,1412,-630,495,1407,-625,484,1404,-625,473,1402,-625,579,1399,-365,461,1385,-341,545,1358,-562,497,1355,-554,637,1250,-181,406,1249,-172,703,1143,-642,274,1159,-397,730,1181,-1271,156,1205,-833,736,1195,-1376,114,1199,-914,719,1213,-1362,121,1215,-955,708,1202,-1284,141,1206,-864,580,919,-28,439,935,28,599,714,-569,310,836,-619,627,390,-429,328,556,-339,614,371,-430,353,524,-323,642,301,-763,230,463,-608
501,1393,-382,518,1416,-344,530,1414,-344,543,1412,-345,483,1416,-338,471,1413,-338,457,1410,-338,564,1392,-88,438,1385,-53,527,1364,-283,482,1360,-273,632,1280,23,399,1258,11,713,1288,-490,312,1157,-269,729,1282,-952,191,1217,-731,736,1279,-1047,162,1224,-826,717,1283,-1072,145,1238,-823,707,1278,-968,154,1231,-744,579,916,-18,423,925,18,583,705,-514,278,790,-573,575,378,-545,233,473,-521,523,320,-564,259,414,-531,645,293,-884,140,358,-850
502,1383,-245,515,1407,-197,526,1406,-197,539,1405,-198,484,1405,-186,473,1402,-186,461,1400,-186,561,1392,42,442,1380,96,527,1354,-158,487,1352,-144,614,1264,146,393,1257,180,701,1370,96,330,1222,155,620,1462,327,301,1311,147,547,1483,333,313,1334,110,597,1475,349,298,1333,128,601,1463,331,293,1325,145,554,911,-11,403,923,11,576,672,-334,296,705,-449,551,360,-389,162,377,-391,503,306,-377,181,335,-401,635,265,-670,89,278,-749
488,1379,-547,508,1412,-488,525,1413,-488,541,1413,-489,469,1409,-471,454,1407,-471,440,1405,-471,565,1396,-76,428,1389,51,515,1345,-419,473,1348,-394,607,1251,14,388,1248,130,685,1368,-30,344,1240,243,653,1500,-59,382,1319,369,622,1536,-91,385,1339,354,640,1530,-114,397,1340,326,639,1514,-77,395,1336,357,536,864,5,399,871,-4,595,614,-106,284,659,-498,546,349,92,161,362,-357,491,291,94,180,321,-362,655,249,-200,73,253,-703
482,1369,-646,503,1397,-594,518,1397,-594,533,1396,-594,467,1396,-580,455,1396,-580,442,1396,-580,558,1380,-276,425,1381,-198,506,1339,-531,466,1339,-511,601,1247,-98,382,1240,-103,638,1368,-201,369,1365,-123,644,1522,-305,419,1452,-110,637,1569,-360,454,1559,-165,634,1569,-363,445,1486,-175,629,1552,-316,442,1472,-122,533,850,-2,396,859,3,630,623,-259,266,674,-706,561,359,-96,191,397,-432,518,316,-90,208,366,-418,647,253,-384,153,304,-747
474,1363,-667,499,1391,-619,514,1390,-619,528,1389,-619,461,1390,-609,449,1390,-608,437,1390,-608,552,1374,-332,420,1375,-286,496,1334,-560,452,1334,-547,592,1230,-262,359,1225,-127,617,1315,-683,337,1119,-241,531,1489,-1135,339,1088,-665,515,1526,-1272,331,1074,-764,509,1534,-1260,340,1085,-814,515,1513,-1151,349,1090,-700,535,841,8,380,848,-8,639,626,-310,278,620,-319,602,367,39,162,394,73,538,327,61,173,360,89,662,247,-247,97,289,-253
450,1376,-615,472,1393,-578,485,1392,-578,498,1390,-578,447,1395,-562,440,1395,-562,432,1395,-562,522,1374,-352,424,1377,-266,467,1349,-522,437,1351,-501,592,1233,-262,351,1228,-118,639,1182,-616,293,1109,-395,589,1257,-1091,281,1148,-974,580,1267,-1194,270,1155,-1090,570,1283,-1198,280,1148,-1098,570,1277,-1105,289,1153,-996,542,845,6,383,852,-4,644,619,-339,283,615,10,640,362,6,155,370,359,603,330,22,194,348,377,669,240,-308,89,280,105
454,1352,-339,476,1377,-322,489,1375,-322,502,1373,-322,439,1379,-316,428,1379,-316,417,1378,-316,520,1357,-168,403,1355,-135,474,1318,-274,433,1322,-265,582,1217,-89,352,1208,-20,616,1040,-147,324,1007,-190,576,1101,-340,353,1134,-569,570,1108,-367,370,1162,-598,570,1132,-366,344,1178,-558,566,1128,-340,353,1173,-545,544,847,-12,394,850,13,634,610,-191,293,603,-33,676,366,17,164,365,147,664,332,25,204,347,156,692,244,-191,103,265,-38
456,1309,-434,477,1331,-408,490,1329,-408,503,1326,-408,440,1333,-399,428,1332,-399,416,1330,-399,520,1312,-185,404,1311,-181,480,1277,-357,434,1280,-343,582,1175,-163,354,1179,-80,630,1005,-238,330,980,-120,546,964,-425,419,969,-335,533,938,-478,443,942,-392,515,967,-482,441,970,-415,517,985,-428,439,986,-346,547,829,-55,399,832,55,585,573,-258,334,598,-91,677,382,-11,228,367,87,683,333,11,244,359,96,699,245,-271,135,283,-94
467,1249,-634,484,1281,-606,497,1278,-606,509,1276,-606,444,1287,-606,435,1288,-606,423,1289,-606,521,1257,-371,405,1266,-374,495,1214,-538,434,1217,-538,591,1141,-211,352,1144,-224,644,979,-187,332,952,-193,570,910,-359,442,904,-368,553,879,-424,471,866,-438,543,912,-462,474,909,-459,544,922,-378,474,922,-380,554,825,-37,401,826,37,578,691,-604,334,680,-523,629,436,-401,238,381,-382,631,401,-391,260,364,-377,681,317,-631,132,291,-627
501,1212,-749,517,1239,-713,528,1238,-713,539,1237,-713,476,1242,-711,459,1242,-711,444,1243,-711,550,1220,-449,423,1227,-439,529,1173,-644,472,1177,-640,614,1105,-238,369,1101,-255,674,936,-164,347,912,-206,586,879,-337,454,865,-380,568,852,-400,488,840,-446,551,877,-428,497,873,-476,558,887,-352,495,885,-396,575,787,-38,422,797,38,580,656,-589,335,674,-594,582,427,-302,273,385,-334,575,392,-287,294,361,-317,606,307,-538,201,292,-575
529,1196,-516,542,1223,-486,554,1223,-486,567,1224,-486,497,1225,-501,481,1225,-501,467,1225,-501,581,1207,-258,443,1209,-414,564,1156,-423,505,1159,-441,639,1092,-58,402,1076,-180,668,920,46,397,873,-138,638,839,-35,416,794,-243,625,821,-66,442,758,-284,633,831,-106,402,775,-331,609,837,-55,419,775,-264,574,761,33,435,767,-33,603,624,-530,403,576,-446,489,400,-240,256,361,-237,455,387,-228,249,341,-230,492,282,-404,141,277,-438
561,1190,-910,574,1212,-859,584,1211,-859,596,1209,-859,541,1213,-871,527,1213,-872,514,1212,-872,611,1192,-526,490,1191,-592,582,1154,-783,539,1155,-801,670,1082,-198,450,1068,-446,725,916,-105,391,918,-529,784,789,-301,311,886,-865,812,750,-357,280,866,-953,805,754,-159,292,872,-1022,787,766,-285,306,873,-902,606,751,120,460,752,-121,725,603,-90,386,534,-514,723,355,228,199,355,-273,697,312,242,181,331,-261,834,291,3,144,276,-554
574,1192,-1145,594,1218,-1098,606,1217,-1098,619,1215,-1098,560,1219,-1107,546,1219,-1107,531,1219,-1107,639,1195,-771,512,1200,-819,591,1155,-1019,553,1157,-1033,699,1067,-461,461,1076,-603,747,891,-349,324,952,-593,821,775,-571,234,879,-781,855,740,-617,207,840,-832,854,737,-685,223,847,-897,831,752,-606,232,854,-809,633,764,97,483,762,-98,800,605,-329,381,569,-504,763,360,18,217,359,-211,726,313,38,205,337,-215,878,294,-197,166,278,-463
575,1206,-833,592,1231,-792,603,1230,-792,614,1229,-792,567,1232,-793,556,1231,-793,544,1230,-793,639,1210,-528,533,1215,-526,590,1171,-725,557,1174,-727,725,1077,-337,466,1090,-360,800,940,-218,299,996,-390,843,813,-460,213,912,-741,908,770,-500,178,863,-657,900,777,-627,195,858,-804,882,787,-509,213,869,-706,678,764,66,507,757,-66,845,606,-535,388,575,-611,784,364,-12,291,372,-141,742,319,24,307,342,-100,887,293,-207,252,303,-384
572,1210,-761,588,1243,-779,597,1242,-780,608,1241,-780,558,1245,-753,546,1244,-753,534,1244,-753,628,1223,-480,522,1227,-467,592,1182,-696,556,1180,-694,705,1105,-296,481,1106,-314,795,1011,-268,318,1027,-215,802,901,-566,272,992,-418,824,860,-624,256,1013,-447,815,888,-683,265,1030,-508,795,882,-595,277,1029,-439,671,793,33,527,796,-34,869,609,-530,408,664,-446,787,366,-40,430,438,-8,734,324,-15,482,412,24,875,297,-248,365,354,-179
594,1221,-716,604,1244,-705,614,1244,-705,623,1243,-705,574,1247,-720,562,1246,-720,548,1245,-720,632,1229,-436,527,1232,-459,616,1200,-624,579,1199,-659,696,1149,-283,488,1162,-296,784,1027,-221,320,1064,-226,724,1031,-413,284,988,-380,712,1029,-445,241,992,-413,711,1050,-452,278,1015,-458,710,1046,-419,291,1015,-400,655,839,2,524,844,-2,790,628,-425,453,692,-443,746,412,-47,517,468,-27,710,384,-24,556,418,6,763,336,-249,457,361,-198
583,1256,-713,598,1272,-703,609,1269,-703,619,1266,-702,569,1278,-711,558,1279,-711,546,1279,-711,633,1249,-435,529,1262,-447,603,1231,-622,566,1234,-654,690,1151,-316,482,1180,-293,777,1041,-543,322,1106,-255,659,1084,-906,290,1002,-416,635,1093,-984,263,980,-455,631,1114,-954,290,997,-495,633,1106,-903,301,998,-435,646,841,-39,517,845,39,687,638,-388,473,673,-300,703,443,-51,545,445,69,697,403,-30,578,404,95,732,365,-250,456,351,-107
586,1274,-664,602,1294,-637,615,1292,-637,627,1290,-637,570,1297,-624,559,1296,-624,548,1294,-624,645,1272,-398,538,1277,-337,605,1250,-574,567,1247,-562,700,1168,-321,503,1188,-154,739,1075,-641,385,1114,-327,619,1113,-1057,376,1049,-762,596,1114,-1171,361,1025,-848,586,1141,-1155,386,1037,-885,592,1140,-1062,393,1042,-789,681,863,-63,538,857,63,688,647,-389,490,663,-205,776,447,-173,537,439,76,772,411,-170,567,398,88,838,357,-440,440,350,-147
590,1283,-695,607,1308,-672,620,1308,-672,632,1307,-672,574,1307,-658,563,1305,-658,553,1303,-658,651,1287,-446,541,1287,-375,614,1257,-606,576,1253,-587,723,1175,-306,520,1191,-188,747,1060,-460,440,1089,-170,654,1071,-773,358,977,-380,613,1064,-878,346,939,-420,597,1087,-922,364,929,-491,613,1088,-797,376,939,-413,675,867,-59,550,870,59,690,655,-273,486,667,-166,709,457,-3,518,452,158,717,425,6,549,402,177,745,374,-217,428,361,-23
590,1289,-627,607,1315,-604,621,1315,-604,633,1315,-604,574,1313,-587,564,1312,-587,556,1310,-587,651,1300,-395,551,1296,-308,614,1260,-542,578,1259,-518,741,1171,-297,536,1183,-92,760,1053,-264,451,1080,-63,687,1012,-406,365,970,-339,652,989,-463,338,933,-400,637,1004,-494,378,941,-471,656,1013,-420,392,948,-376,704,856,-94,577,857,93,691,618,-117,502,665,105,867,446,190,491,444,459,884,424,207,518,399,482,865,364,-14,407,365,287
594,1290,-421,606,1316,-398,621,1315,-398,631,1314,-398,574,1316,-387,566,1315,-387,555,1314,-387,654,1295,-208,558,1297,-154,613,1261,-344,580,1259,-329,736,1184,-165,574,1178,60,785,1062,-145,514,1071,88,739,1037,-229,473,975,-106,729,1022,-269,456,945,-143,717,1041,-283,463,956,-198,724,1045,-235,472,963,-135,707,850,-125,599,852,125,630,626,-234,498,668,32,737,457,15,469,447,275,870,438,33,500,410,289,705,371,-154,391,369,132
589,1293,-459,603,1319,-428,617,1320,-428,627,1320,-428,571,1317,-421,562,1317,-421,552,1316,-422,650,1307,-209,551,1304,-176,610,1268,-373,576,1264,-364,732,1190,-121,546,1184,14,784,1085,-129,492,1061,49,756,1064,-285,425,963,-163,753,1053,-337,403,924,-206,743,1070,-361,382,945,-280,744,1073,-300,454,951,-200,694,866,-107,582,869,107,647,632,-177,495,664,83,728,456,20,463,452,308,806,431,29,498,415,318,727,386,-167,381,371,142
582,1296,-539,593,1325,-505,604,1328,-505,614,1330,-505,566,1319,-502,559,1318,-502,551,1317,-502,642,1325,-278,547,1308,-249,608,1275,-449,573,1266,-438,732,1224,-178,536,1204,-33,775,1107,-147,475,1064,32,743,1066,-454,403,952,-170,741,1050,-514,385,919,-210,732,1066,-560,304,948,-285,730,1070,-476,418,935,-206,704,900,-100,573,893,100,657,642,-182,498,674,66,757,463,11,457,495,320,771,430,19,487,465,334,750,373,-199,404,399,143
554,1310,-416,565,1336,-413,576,1338,-413,587,1341,-413,541,1331,-389,535,1330,-389,529,1329,-389,623,1337,-284,546,1319,-176,586,1290,-362,559,1280,-329,733,1235,-193,532,1214,-33,784,1132,-224,461,1071,29,781,1057,-526,339,991,-109,792,1043,-575,282,975,-133,775,1057,-612,270,990,-197,768,1069,-546,314,960,-140,708,922,-90,575,922,90,663,723,-383,510,736,-82,672,535,-48,517,548,240,668,513,-23,551,519,287,686,441,-196,458,461,73
514,1326,-276,526,1348,-276,536,1349,-277,548,1351,-277,507,1344,-248,502,1343,-248,497,1342,-249,587,1345,-188,519,1331,-59,540,1301,-236,517,1298,-199,694,1247,-135,515,1214,41,724,1127,-310,445,1087,102,673,1149,-608,335,1034,-24,662,1153,-660,296,1019,-49,659,1172,-659,292,1025,-97,658,1170,-614,320,1024,-50,681,912,-79,571,913,79,681,714,-275,530,737,-142,677,517,-37,579,539,125,669,493,-17,606,509,151,699,429,-189,538,431,9
507,1335,-351,522,1358,-328,536,1357,-328,554,1350,-328,492,1358,-317,484,1357,-317,476,1356,-317,571,1344,-142,485,1337,-94,534,1308,-276,500,1309,-262,667,1245,-24,479,1212,5,695,1124,-65,455,1101,-85,642,1144,-220,447,1052,-386,630,1145,-258,438,1031,-448,627,1164,-265,448,1043,-473,628,1162,-226,454,1049,-404,659,924,-42,568,924,42,652,716,-151,539,734,-172,640,507,-82,600,514,-51,633,479,-87,629,481,-45,643,417,-281,581,415,-219
508,1354,-398,520,1373,-365,531,1372,-365,542,1370,-365,490,1369,-361,480,1365,-361,471,1359,-361,560,1355,-145,466,1334,-132,534,1328,-314,496,1323,-309,634,1242,-9,442,1216,-3,704,1159,-46,351,1149,-275,701,1130,-271,387,1087,-698,719,1116,-314,374,1049,-777,706,1130,-345,398,1059,-793,698,1132,-289,417,1067,-714,642,924,-23,549,915,22,658,711,-115,565,728,-157,657,496,-81,623,469,4,634,463,-58,652,441,8,710,422,-275,578,390,-194
520,1350,-416,529,1369,-403,543,1368,-403,554,1366,-403,494,1370,-380,487,1369,-381,480,1368,-381,564,1352,-153,479,1348,-185,543,1323,-350,500,1322,-336,642,1234,21,433,1223,-124,714,1139,92,336,1156,-308,741,1098,-98,355,1073,-657,757,1073,-133,337,1026,-729,749,1084,-180,388,1037,-739,742,1088,-123,409,1045,-668,643,927,3,556,918,-3,697,753,-233,577,734,-201,674,553,1,627,497,44,659,513,23,641,460,57,711,483,-148,573,411,-133
528,1348,-511,535,1365,-457,548,1364,-458,558,1363,-458,498,1367,-488,490,1366,-488,481,1365,-489,559,1351,-185,484,1347,-323,548,1324,-406,502,1322,-449,639,1233,7,449,1219,-249,704,1118,88,329,1145,-349,736,1064,-157,343,1055,-591,748,1044,-201,324,987,-664,743,1060,-261,377,989,-679,738,1063,-190,395,1008,-602,646,922,53,558,915,-53,730,751,-203,556,738,-344,671,549,108,586,505,-23,650,512,127,615,460,-2,708,475,-80,539,407,-228
532,1346,-195,539,1363,-163,551,1362,-163,559,1360,-163,501,1365,-209,492,1365,-209,485,1363,-210,559,1348,13,487,1345,-208,551,1322,-124,509,1321,-185,643,1211,165,507,1204,-235,695,1079,255,474,1080,-305,711,1019,113,467,997,-409,719,996,95,454,960,-461,715,1011,44,470,965,-465,711,1018,87,476,977,-411,665,913,100,581,912,-100,766,733,-134,576,739,-290,639,538,120,574,533,-30,609,544,139,593,518,-9,656,458,0,548,411,-166
548,1317,-149,543,1349,-128,553,1348,-128,560,1347,-128,525,1349,-184,516,1348,-184,508,1345,-185,547,1338,26,489,1306,-220,552,1294,-82,528,1294,-157,583,1156,234,506,1153,-331,637,1014,330,477,1021,-417,656,969,215,501,936,-407,662,953,214,497,905,-453,663,967,171,512,911,-448,659,971,193,513,921,-403,632,877,173,565,863,-173,745,725,77,597,714,-280,655,543,327,552,521,-11,613,555,345,529,508,12,667,458,244,543,408,-135
551,1318,-205,543,1349,-265,554,1348,-265,559,1347,-265,531,1349,-289,523,1347,-289,513,1345,-289,539,1338,-49,486,1311,-301,553,1294,-215,530,1292,-291,567,1173,191,430,1166,-353,640,1033,288,438,993,-418,635,916,117,458,846,-504,642,876,93,439,802,-579,634,885,30,477,802,-602,628,897,86,464,817,-515,598,877,180,505,863,-180,715,742,-82,585,699,-413,584,543,229,458,486,-113,546,536,258,475,491,-90,609,451,111,535,378,-274
554,1310,-270,548,1335,-237,555,1334,-237,560,1334,-237,535,1337,-284,526,1337,-284,516,1337,-284,542,1325,-6,485,1313,-279,554,1285,-190,531,1285,-259,581,1180,193,434,1173,-303,631,1029,279,441,1006,-399,635,923,122,461,905,-549,640,882,95,454,868,-624,631,894,41,471,878,-638,625,908,96,472,889,-558,599,879,173,503,869,-173,684,725,36,577,642,-358,564,537,400,446,462,44,536,526,430,411,462,72,612,447,309,485,364,-106
565,1303,-279,559,1324,-246,563,1324,-246,565,1324,-246,549,1326,-294,541,1327,-294,531,1328,-294,548,1316,-46,492,1315,-278,562,1279,-201,544,1278,-265,592,1183,123,420,1175,-293,639,1034,193,437,1014,-344,637,950,4,468,914,-472,641,912,-32,472,875,-542,630,930,-83,486,889,-563,625,944,-22,486,903,-478,602,880,130,503,870,-130,614,696,0,567,653,-283,556,509,252,463,456,31,531,489,269,453,448,48,595,418,106,469,365,-162
570,1305,-266,566,1326,-218,569,1326,-218,571,1326,-218,554,1327,-250,547,1327,-250,539,1328,-250,554,1317,54,501,1316,-88,573,1280,-163,555,1279,-205,594,1184,244,432,1177,-81,659,1045,227,435,1026,-361,691,966,-79,460,1077,-809,709,932,-143,464,1083,-907,698,948,-206,467,1104,-906,686,958,-113,469,1100,-817,622,889,147,515,875,-147,716,698,-62,612,663,-369,523,491,226,475,462,-141,489,491,257,474,459,-124,542,407,61,504,368,-296
571,1305,-360,567,1328,-298,570,1327,-298,572,1327,-298,555,1328,-334,548,1328,-334,540,1329,-334,555,1318,-13,505,1317,-154,575,1280,-238,557,1280,-288,602,1196,176,438,1187,-110,661,1065,193,407,1065,-513,707,1029,-217,365,1155,-991,726,1010,-279,365,1170,-1099,715,1029,-336,362,1185,-1102,705,1033,-250,368,1178,-1004,616,896,168,517,884,-168,711,710,49,617,666,-351,545,510,442,512,466,-69,536,509,472,477,459,-50,564,444,323,572,384,-242
562,1311,-271,560,1329,-208,564,1329,-208,569,1328,-208,543,1328,-226,535,1329,-226,525,1329,-226,560,1319,66,497,1314,-9,573,1284,-170,549,1281,-193,609,1196,154,441,1188,-76,692,1132,-244,417,1125,-462,607,1204,-632,566,1245,-858,574,1202,-717,587,1267,-1084,558,1213,-662,586,1270,-705,570,1203,-621,582,1261,-731,619,912,154,517,887,-154,672,721,-205,627,696,-395,559,513,155,593,483,-136,526,508,187,593,464,-117,598,438,15,679,394,-342
524,1308,-283,535,1326,-237,539,1325,-237,548,1323,-237,516,1323,-250,512,1321,-249,500,1318,-250,551,1309,23,495,1302,-62,529,1280,-195,503,1277,-213,596,1194,97,437,1195,-59,659,1112,-95,408,1148,-281,632,1156,-134,511,1201,-533,654,1132,-174,532,1203,-621,642,1175,-208,540,1215,-574,635,1160,-153,533,1210,-524,596,914,52,498,903,-52,669,749,-185,471,771,-409,638,536,-4,533,550,-165,619,512,0,565,526,-147,684,471,-211,555,465,-334
515,1286,-461,526,1304,-407,535,1301,-407,545,1296,-407,497,1309,-414,487,1309,-414,477,1307,-414,551,1281,-141,460,1287,-171,535,1250,-366,498,1255,-377,601,1177,-17,418,1160,-91,666,1104,-28,350,1077,-232,633,1104,-152,383,1103,-543,655,1089,-199,388,1103,-621,646,1110,-238,403,1140,-620,640,1108,-178,402,1132,-552,598,869,26,488,866,-26,670,738,-306,427,755,-570,637,535,97,440,550,-139,613,511,113,459,531,-105,686,466,-81,415,452,-322
489,1279,-427,500,1296,-373,506,1295,-373,514,1293,-374,478,1299,-407,469,1299,-407,460,1299,-407,521,1277,-119,442,1283,-182,501,1249,-352,476,1251,-345,580,1171,15,415,1140,-214,670,1153,15,371,1073,-529,647,1161,-112,391,1110,-801,668,1158,-152,414,1113,-879,648,1164,-164,425,1132,-869,642,1161,-124,412,1126,-804,588,850,95,487,836,-96,684,689,-99,487,751,-444,745,519,124,448,543,-115,712,467,139,475,524,-95,838,464,-44,480,436,-248
474,1262,-448,485,1281,-405,492,1281,-405,500,1281,-405,461,1283,-404,452,1284,-404,443,1286,-404,507,1270,-179,425,1275,-171,488,1238,-367,458,1238,-359,573,1164,-114,398,1134,-140,669,1185,-457,369,1070,-451,531,1170,-665,403,1128,-773,498,1162,-730,420,1155,-858,488,1166,-677,431,1165,-828,491,1166,-651,425,1158,-770,592,846,36,483,833,-36,670,642,-111,495,625,-225,782,488,135,606,437,89,775,449,151,624,418,111,867,444,-68,648,349,-111
457,1258,-250,469,1278,-211,477,1277,-211,485,1276,-211,444,1281,-218,435,1282,-218,424,1283,-218,494,1260,-3,403,1268,-35,469,1230,-170,436,1228,-180,554,1162,44,387,1140,-23,576,1096,-197,350,1030,-267,470,1137,-178,411,1100,-470,445,1133,-211,444,1130,-527,440,1144,-178,447,1153,-503,447,1140,-164,433,1132,-464,564,850,46,466,831,-46,650,653,-67,543,645,-229,714,441,41,635,422,-39,699,400,40,634,389,-35,791,382,-153,700,348,-209
446,1265,-291,458,1283,-249,467,1282,-249,475,1281,-249,432,1286,-259,421,1287,-259,409,1288,-259,485,1268,-10,394,1272,-53,455,1238,-201,425,1237,-215,563,1157,146,360,1140,-38,608,1005,156,308,1026,-301,551,994,-8,373,1125,-599,527,974,-49,442,1139,-680,501,991,-76,444,1159,-657,516,997,-23,434,1147,-593,569,853,84,469,838,-84,651,634,-43,586,636,-211,694,397,119,620,392,18,675,360,107,608,356,31,761,327,-91,680,315,-189
431,1270,-353,449,1289,-299,459,1288,-299,468,1287,-299,415,1290,-321,401,1291,-321,388,1291,-321,472,1271,-25,375,1276,-87,442,1242,-240,412,1242,-270,540,1150,171,347,1143,-147,535,974,192,333,1021,-486,501,941,2,374,1085,-925,492,917,-31,392,1092,-1030,496,939,-75,388,1113,-1021,498,947,-20,386,1106,-933,557,849,141,466,843,-141,619,636,68,589,627,-221,643,404,355,644,397,56,625,369,369,600,349,74,713,328,154,685,310,-160
429,1273,-426,447,1292,-373,457,1291,-373,468,1291,-373,414,1292,-392,399,1292,-392,403,1300,-392,474,1272,-72,359,1278,-152,446,1245,-313,408,1244,-338,533,1154,137,353,1151,-168,571,1019,135,341,1028,-513,542,1022,-75,378,1130,-949,519,1029,-110,387,1148,-1042,518,1052,-137,384,1168,-1033,504,1050,-92,384,1159,-955,555,849,129,457,836,-129,588,632,57,541,603,-176,602,408,324,629,384,95,584,370,336,590,339,110,687,343,118,657,303,-146
429,1274,-449,438,1294,-386,448,1293,-387,457,1293,-387,407,1294,-413,394,1294,-413,384,1300,-413,456,1273,-69,350,1279,-172,446,1246,-326,409,1246,-358,511,1167,145,336,1152,-336,580,1172,-147,423,1140,-743,581,1272,-605,567,1249,-841,600,1319,-690,605,1286,-918,601,1323,-675,604,1296,-893,563,1299,-620,589,1278,-834,548,845,158,464,830,-158,613,617,72,545,582,-183,617,404,384,607,350,85,597,367,404,587,310,100,697,348,199,669,286,-163
429,1276,-520,441,1299,-452,452,1298,-452,461,1298,-452,405,1298,-487,389,1296,-487,375,1301,-487,463,1279,-108,345,1280,-256,445,1248,-388,398,1247,-432,494,1175,131,331,1152,-432,592,1204,-154,462,1181,-834,648,1285,-599,641,1280,-873,678,1332,-677,679,1316,-949,670,1333,-669,676,1324,-909,661,1310,-614,665,1304,-858,548,842,171,467,818,-171,647,629,48,570,559,-217,623,409,550,598,318,82,599,385,594,562,285,103,698,389,460,658,239,-151
440,1276,-487,452,1299,-425,461,1298,-426,469,1297,-426,420,1299,-473,406,1296,-473,392,1301,-473,464,1279,-98,358,1282,-310,451,1249,-359,412,1247,-419,478,1177,165,331,1169,-471,584,1202,99,475,1209,-859,660,1246,-130,673,1296,-879,681,1266,-160,704,1324,-955,673,1277,-175,706,1332,-910,664,1264,-148,697,1316,-862,549,842,181,464,811,-181,683,682,16,579,553,-268,678,427,416,578,301,59,664,419,449,543,274,80,777,388,291,605,242,-160
532,1244,-462,529,1264,-397,530,1263,-397,531,1262,-397,517,1269,-462,509,1271,-462,501,1275,-462,490,1260,-123,452,1275,-488,515,1223,-339,501,1230,-418,496,1177,84,336,1173,-578,626,1184,189,458,1248,-963,696,1258,117,585,1339,-973,712,1294,101,624,1332,-1051,712,1297,64,635,1328,-1002,712,1282,96,611,1339,-955,550,843,170,466,805,-170,688,660,6,572,563,-229,692,400,365,556,290,126,670,371,411,522,251,152,766,324,169,586,227,-99
513,1248,-88,517,1269,-33,523,1268,-33,528,1266,-33,497,1274,-88,487,1276,-88,478,1279,-88,485,1255,220,442,1263,-40,508,1227,8,486,1232,-66,508,1159,311,343,1165,-125,602,1179,371,381,1236,-452,682,1234,376,568,1313,-382,686,1261,364,614,1332,-427,686,1266,362,618,1323,-360,682,1256,367,601,1313,-358,554,828,92,465,798,-92,665,627,-243,514,577,-413,695,404,-30,558,317,-137,687,376,-15,564,290,-112,757,325,-213,588,245,-308
768,1210,-378,820,1218,-329,823,1216,-329,822,1213,-329,791,1222,-350,769,1222,-350,766,1222,-350,807,1195,-78,722,1208,-171,771,1179,-285,740,1173,-313,794,1072,18,601,1109,-106,857,1026,56,519,967,-218,804,1135,192,577,975,-389,790,1158,205,587,965,-432,787,1169,241,602,985,-423,789,1155,210,601,984,-387,673,738,-12,541,753,12,725,623,-517,439,630,-745,805,468,-79,627,366,-391,819,469,-33,667,362,-350,806,337,-187,662,199,-541
658,1209,-382,668,1223,-366,676,1222,-366,684,1221,-366,648,1226,-366,640,1226,-366,632,1227,-366,686,1208,-220,620,1214,-210,668,1180,-312,641,1179,-315,658,1127,-240,618,1115,-63,592,1128,-257,645,1112,-101,500,1161,-163,696,1151,-134,476,1168,-196,714,1159,-165,476,1181,-184,709,1165,-172,490,1170,-158,702,1157,-140,591,766,-103,552,769,103,546,604,-335,535,633,-131,717,458,-295,626,393,-165,757,455,-287,661,369,-169,733,340,-306,603,289,-223
599,1249,-172,604,1271,-171,609,1270,-172,614,1270,-172,589,1274,-176,582,1275,-176,575,1277,-176,610,1258,-81,560,1266,-94,604,1223,-119,582,1228,-128,570,1168,-138,582,1151,47,502,1121,-164,623,1090,-82,422,1162,-122,657,1091,-246,400,1169,-152,669,1088,-282,402,1185,-129,670,1099,-282,414,1175,-110,666,1095,-248,526,806,-137,520,805,136,433,607,-276,517,627,48,597,380,-252,575,351,81,644,360,-241,613,316,86,610,262,-267,528,257,43
402,1345,-273,415,1372,-242,427,1371,-242,438,1370,-242,387,1369,-257,377,1367,-257,361,1362,-257,464,1350,-105,418,1338,-101,422,1315,-193,386,1313,-213,528,1206,-110,374,1200,35,582,1111,-186,315,1073,-51,553,1113,-347,341,1081,-287,564,1102,-393,344,1075,-327,561,1128,-385,351,1096,-310,559,1125,-345,353,1094,-288,478,818,-107,392,820,107,432,592,-267,430,599,75,539,323,-130,549,349,283,568,299,-135,582,323,308,526,205,-215,534,247,246
382,1358,-297,400,1386,-246,414,1387,-246,427,1387,-246,362,1381,-282,351,1377,-282,339,1372,-282,452,1372,-102,332,1348,-42,410,1325,-221,364,1319,-224,535,1241,-86,326,1224,110,601,1103,-278,241,1097,-177,569,1074,-636,318,1159,-754,562,1068,-722,338,1162,-867,561,1089,-731,349,1189,-837,559,1091,-646,350,1183,-759,490,847,-130,375,846,131,458,631,-189,398,625,413,520,372,-11,484,426,885,552,350,-1,519,396,930,459,248,-211,438,329,814
377,1349,-498,396,1378,-471,411,1379,-471,426,1378,-471,361,1375,-451,348,1372,-451,334,1368,-451,458,1360,-247,324,1343,-115,408,1313,-405,366,1311,-374,517,1240,-219,320,1204,104,617,1124,-351,227,1103,-166,595,1068,-570,256,1186,-732,599,1041,-630,246,1215,-837,584,1056,-659,258,1219,-818,581,1060,-583,264,1203,-743,493,838,-166,384,828,166,424,609,-298,376,590,32,513,316,-240,493,324,263,557,284,-239,537,285,281,437,180,-470,432,217,111
381,1341,-435,402,1365,-407,416,1364,-408,430,1362,-408,366,1366,-400,355,1366,-400,345,1365,-399,455,1342,-208,333,1341,-120,406,1305,-352,363,1308,-339,487,1231,-219,324,1198,117,503,1103,-250,280,1043,185,408,947,-369,331,955,-28,406,898,-431,331,907,-83,379,904,-450,342,921,-128,377,924,-377,352,940,-50,478,832,-165,398,828,165,363,592,-336,378,569,8,433,292,-278,496,299,121,468,261,-275,534,266,138,396,159,-429,458,192,-11
378,1342,-221,398,1366,-202,410,1366,-202,421,1365,-202,365,1368,-191,354,1367,-191,344,1366,-191,440,1348,-54,330,1347,0,400,1307,-162,357,1310,-148,478,1228,-208,300,1207,184,461,1035,-222,215,1093,10,404,845,-341,229,1232,-159,417,774,-388,215,1275,-97,378,779,-320,221,1290,-320,375,794,-315,232,1269,-211,480,843,-149,365,829,149,443,580,-259,328,564,22,539,332,-104,409,304,165,570,304,-94,434,278,176,468,197,-245,398,179,30
383,1339,-277,404,1364,-276,417,1363,-276,429,1362,-276,370,1364,-230,358,1364,-230,345,1363,-231,457,1348,-142,335,1347,-47,410,1306,-242,365,1308,-183,488,1212,-272,340,1197,230,488,981,-329,204,1136,-33,456,800,-281,253,1295,-408,476,742,-316,245,1343,-476,446,740,-323,268,1350,-425,435,755,-278,276,1330,-404,482,817,-190,395,807,190,320,553,-234,369,570,175,343,286,-113,556,315,292,383,246,-106,607,283,302,244,182,-251,546,187,221
385,1334,-290,407,1358,-297,420,1358,-296,433,1358,-297,373,1357,-270,362,1356,-270,352,1354,-270,463,1342,-174,351,1340,-42,414,1304,-264,364,1305,-222,506,1216,-272,332,1195,250,545,1001,-357,230,1174,238,501,813,-377,261,1309,36,510,757,-418,264,1355,-2,479,762,-437,281,1358,14,471,776,-377,287,1336,32,499,832,-191,402,826,191,374,559,-388,250,613,5,464,314,-340,252,317,114,499,284,-336,266,263,103,409,199,-482,132,219,-5
412,1321,-696,432,1353,-662,444,1354,-662,455,1355,-662,398,1353,-645,386,1354,-645,375,1353,-645,482,1341,-394,366,1335,-314,436,1288,-590,390,1298,-567,529,1214,-340,317,1169,8,604,1010,-393,223,1140,-249,526,859,-528,266,1268,-862,524,816,-583,288,1336,-964,497,834,-610,306,1341,-950,493,843,-536,306,1319,-873,489,796,-187,392,818,187,288,564,-425,225,584,-12,404,286,-290,239,267,124,443,251,-284,280,207,116,347,176,-484,125,163,-45
423,1301,-611,447,1334,-586,460,1332,-586,473,1329,-586,409,1340,-558,396,1341,-558,383,1341,-558,498,1307,-347,371,1321,-229,447,1259,-515,398,1269,-479,537,1183,-317,332,1155,141,636,1005,-480,245,1035,140,559,899,-905,211,1161,-638,529,863,-1016,178,1186,-761,506,868,-1047,188,1228,-611,500,861,-922,213,1205,-714,498,783,-208,403,791,208,323,545,-407,237,558,305,295,252,-373,406,289,557,336,197,-385,471,242,570,169,162,-598,214,179,444
433,1276,-390,458,1311,-362,470,1311,-362,480,1310,-362,422,1311,-335,408,1310,-335,397,1309,-335,501,1291,-121,385,1291,-11,456,1237,-293,409,1240,-261,539,1172,-164,334,1153,360,635,1010,-372,256,1025,257,543,914,-684,241,1129,-378,512,880,-777,234,1146,-478,486,887,-790,239,1184,-470,487,885,-690,246,1173,-414,501,783,-220,404,787,221,259,548,-463,342,546,197,304,259,-492,617,325,332,353,207,-500,656,263,339,192,163,-693,518,182,199
451,1271,-92,473,1302,-66,486,1302,-66,499,1301,-66,437,1304,-38,426,1304,-38,415,1304,-38,520,1284,128,402,1287,250,472,1231,-13,429,1237,21,570,1172,24,368,1152,567,696,1038,-203,275,1018,402,557,949,-494,260,1128,-183,529,926,-665,249,1156,-279,489,932,-597,253,1185,-267,508,940,-478,268,1171,-198,516,790,-224,434,788,224,304,598,-636,444,548,286,320,273,-794,702,340,363,366,220,-813,716,254,362,214,174,-1045,666,219,224
477,1265,-242,497,1297,-217,510,1297,-217,523,1297,-217,463,1295,-193,455,1295,-193,446,1295,-193,553,1284,-25,440,1280,79,503,1232,-166,465,1233,-136,635,1176,-64,406,1153,349,721,1064,-282,305,1012,113,605,1028,-591,272,1130,-516,584,988,-667,265,1160,-617,556,1001,-661,272,1186,-599,560,1010,-588,282,1173,-524,583,795,-188,456,790,188,434,601,-520,374,576,-136,481,292,-555,372,316,-158,445,264,-564,421,250,-171,430,184,-777,307,217,-358
492,1260,-250,513,1292,-213,525,1293,-213,537,1294,-213,484,1290,-204,476,1290,-204,469,1290,-204,562,1283,29,464,1281,65,514,1233,-155,481,1234,-144,628,1176,61,404,1154,298,694,1059,-169,297,1001,-38,610,1055,-549,289,1123,-655,594,1013,-635,291,1156,-773,570,1027,-642,299,1178,-756,569,1035,-555,307,1167,-663,581,806,-130,458,798,130,438,608,-485,456,554,-61,385,294,-556,568,304,43,421,260,-574,611,256,40,345,205,-826,527,207,-147
487,1272,-29,525,1295,-7,529,1295,-7,541,1296,-7,507,1293,3,493,1292,3,461,1308,3,553,1285,153,454,1301,191,512,1245,35,476,1254,46,587,1176,87,399,1168,369,634,1028,-71,324,1007,199,603,1037,-291,324,1080,-238,585,1019,-333,327,1081,-293,567,1034,-333,330,1110,-290,560,1033,-290,349,1094,-246,568,814,-116,454,806,116,458,617,-304,429,584,-83,500,333,-374,437,314,-59,491,291,-382,465,268,-61,501,232,-505,372,219,-199
533,1264,274,560,1285,322,569,1283,322,576,1282,322,538,1291,331,530,1291,331,520,1300,330,583,1271,523,506,1291,552,547,1233,345,515,1243,352,634,1157,418,427,1160,673,692,1007,248,329,1015,417,661,1020,45,367,1088,-40,632,1000,9,362,1099,-116,604,1016,11,375,1124,-66,605,1019,47,382,1111,-31,604,817,-127,485,804,127,536,648,-518,489,593,-159,612,343,-771,567,323,-226,644,301,-794,602,283,-235,555,229,-961,507,222,-376
544,1242,-103,564,1273,-98,572,1274,-98,581,1275,-98,537,1271,-82,526,1269,-82,517,1270,-82,594,1267,20,510,1265,93,563,1218,-59,532,1218,-37,662,1153,26,456,1151,223,729,1003,213,367,1024,39,680,930,-214,397,1118,-351,658,930,-264,404,1123,-421,634,932,-271,414,1159,-389,651,924,-214,417,1148,-350,630,807,-123,510,800,122,542,624,-394,456,593,-112,578,342,-397,461,323,-88,577,298,-402,498,283,-93,536,228,-566,361,233,-237
580,1234,-311,596,1259,-281,605,1259,-281,615,1257,-281,566,1261,-285,555,1262,-285,545,1262,-285,624,1250,-76,527,1257,-98,595,1207,-230,553,1211,-236,672,1148,0,448,1151,29,711,999,35,324,1044,-196,696,928,-129,392,1188,-549,703,906,-164,403,1224,-614,688,921,-187,424,1249,-582,684,925,-141,427,1217,-542,641,824,-76,510,808,76,598,623,-438,449,621,-173,660,369,-400,440,347,-60,672,331,-403,476,318,-57,668,272,-588,346,262,-219
583,1226,-270,600,1255,-246,608,1254,-246,616,1253,-246,571,1257,-245,557,1259,-245,546,1259,-245,619,1249,-50,527,1254,-51,592,1200,-189,554,1207,-189,657,1149,1,453,1166,127,703,1003,-13,331,1040,-64,669,983,-158,441,1134,-454,664,950,-196,466,1155,-522,655,999,-191,476,1184,-499,652,999,-156,473,1167,-452,622,829,-95,505,823,94,647,614,-286,451,634,-15,801,388,-279,451,398,209,819,370,-286,487,377,226,791,308,-501,374,311,86
583,1233,-490,593,1262,-472,598,1261,-472,604,1260,-472,578,1264,-460,573,1265,-460,566,1266,-460,609,1254,-265,553,1258,-212,586,1207,-401,567,1209,-386,678,1151,-212,480,1171,48,711,1004,-300,409,1040,-137,662,983,-543,453,1078,-617,650,946,-620,465,1078,-691,638,980,-618,473,1105,-706,637,987,-546,474,1102,-633,622,831,-126,522,825,125,640,614,-314,472,626,259,779,416,-245,477,434,617,813,407,-247,505,402,642,787,331,-493,386,349,479
568,1235,-476,584,1263,-454,590,1262,-454,597,1262,-455,567,1264,-439,559,1264,-439,553,1265,-439,605,1252,-243,545,1257,-177,576,1210,-388,553,1213,-370,667,1151,-192,486,1170,113,681,1028,-204,441,1038,64,661,1021,-298,451,1092,-277,651,996,-327,457,1097,-312,633,1000,-335,456,1121,-343,632,1006,-300,459,1115,-298,621,849,-130,512,845,130,625,639,-396,460,656,-122,697,427,-419,479,420,-65,715,409,-430,507,383,-71,672,322,-642,402,320,-246
562,1232,-25,578,1258,-7,585,1258,-8,594,1258,-8,562,1257,9,554,1256,9,543,1257,9,610,1248,119,532,1242,194,575,1205,23,544,1207,45,661,1144,30,481,1128,345,681,1040,-40,441,999,304,656,1017,-124,444,1076,4,622,993,-148,430,1057,-42,626,994,-166,415,1100,-47,620,998,-127,423,1101,-7,615,843,-119,508,839,119,565,638,-376,463,641,-112,515,418,-552,486,405,-268,549,352,-575,521,366,-289,427,307,-738,423,321,-397
560,1227,-102,577,1253,-85,585,1253,-85,594,1252,-86,557,1251,-73,549,1250,-73,540,1249,-73,611,1240,59,534,1237,111,578,1201,-44,547,1202,-30,655,1140,44,490,1125,313,682,1039,14,434,1001,172,656,1000,-68,414,1087,-192,647,980,-92,401,1068,-245,637,985,-114,404,1112,-243,634,993,-75,421,1110,-201,611,841,-55,505,841,55,559,638,-272,459,636,-142,490,400,-428,473,397,-241,511,354,-457,478,361,-255,481,313,-600,424,320,-391
557,1221,-121,575,1245,-95,583,1244,-95,592,1242,-96,553,1245,-95,545,1244,-95,536,1245,-95,610,1228,75,529,1230,77,575,1195,-54,543,1197,-57,643,1134,73,474,1138,214,649,1032,63,415,1005,77,637,998,-77,416,1049,-248,645,975,-116,417,1044,-316,635,989,-141,401,1086,-337,632,996,-88,427,1073,-264,572,843,-52,480,847,53,494,649,-235,458,642,-126,467,397,-338,494,402,-193,474,352,-352,489,358,-202,422,329,-481,433,332,-322
532,1214,-155,551,1241,-129,562,1241,-129,571,1239,-130,526,1238,-125,519,1236,-125,513,1236,-125,591,1221,38,506,1216,63,547,1189,-74,518,1186,-75,585,1121,13,460,1116,206,611,995,-67,379,994,97,579,981,-267,405,1034,-242,612,947,-314,416,1034,-302,603,966,-339,393,1088,-307,599,972,-280,415,1058,-253,541,834,-65,450,845,65,479,644,-214,443,643,-153,452,410,-250,460,406,-160,469,370,-257,485,371,-164,435,335,-404,433,339,-294
517,1214,-205,536,1241,-185,546,1240,-185,553,1238,-185,509,1240,-176,499,1238,-176,492,1237,-176,573,1223,-47,487,1217,-5,534,1188,-148,500,1185,-137,598,1121,-66,431,1111,119,624,987,-194,331,996,-21,531,960,-382,345,1070,-375,513,935,-424,332,1092,-439,502,956,-420,336,1112,-430,505,963,-378,345,1097,-381,542,808,-60,434,813,59,489,653,-233,407,648,-251,490,428,-190,440,412,-128,502,402,-183,461,390,-123,462,329,-339,418,340,-265
512,1209,-252,529,1232,-229,539,1231,-229,548,1229,-229,500,1233,-215,490,1234,-215,481,1234,-215,567,1218,-66,478,1219,-12,529,1184,-187,494,1186,-171,598,1113,-65,432,1114,144,597,968,-160,337,1010,188,543,913,-256,355,1135,-74,538,891,-286,351,1160,-116,515,914,-322,348,1186,-125,514,917,-268,356,1182,-87,541,821,-68,439,824,68,479,662,-420,399,649,-245,472,440,-433,427,418,-241,510,395,-440,446,386,-249,479,335,-642,404,343,-434
504,1208,-82,522,1230,-44,530,1230,-44,539,1227,-44,499,1231,-39,489,1231,-39,481,1231,-39,552,1220,152,472,1218,167,515,1185,-7,491,1187,-3,590,1116,153,404,1120,267,590,974,5,341,982,177,550,924,-260,361,919,-172,547,911,-323,357,930,-234,534,942,-345,373,956,-245,532,944,-274,362,958,-186,539,831,-61,428,834,61,486,690,-468,389,664,-346,523,447,-533,417,423,-360,537,409,-544,445,384,-366,549,352,-743,404,347,-578
502,1210,-96,522,1232,-74,527,1231,-75,532,1229,-75,501,1234,-60,489,1233,-60,484,1232,-60,544,1221,76,474,1218,119,513,1186,-44,492,1189,-28,588,1118,42,409,1119,249,561,961,-36,358,975,210,469,928,-150,357,952,23,449,932,-185,351,939,-12,445,965,-188,359,958,-36,452,965,-149,360,962,6,542,850,-69,443,849,69,487,682,-296,426,681,-178,462,436,-531,421,428,-240,478,398,-506,447,394,-248,457,357,-571,404,359,-434
506,1219,-78,525,1239,-72,532,1238,-72,538,1238,-72,503,1241,-41,493,1241,-41,486,1240,-41,549,1231,55,482,1228,166,518,1196,-32,494,1194,5,585,1127,-92,468,1130,411,505,966,-197,398,981,324,343,992,-177,358,1045,-42,294,999,-209,355,1057,-86,298,1017,-192,360,1072,-86,317,1020,-164,363,1066,-55,533,849,-162,484,847,162,399,675,-300,462,678,75,426,433,-509,569,439,18,460,381,-473,603,408,10,359,356,-521,521,379,-67
501,1243,-316,522,1260,-301,530,1259,-301,538,1258,-301,500,1263,-276,492,1263,-276,486,1263,-276,554,1245,-133,486,1252,-30,516,1215,-247,490,1217,-217,588,1132,-142,463,1134,272,549,963,-168,394,986,148,450,967,-219,360,1063,-343,426,978,-249,356,1075,-405,415,1003,-240,356,1096,-425,423,1004,-212,362,1090,-364,532,851,-163,482,851,163,419,648,-275,419,670,68,428,431,-220,521,439,175,464,377,-215,553,409,178,376,353,-372,432,366,51
502,1254,257,521,1276,199,522,1277,198,521,1278,198,516,1275,195,522,1275,195,527,1274,194,530,1271,12,535,1265,9,514,1237,209,509,1234,203,457,1154,-105,570,1176,-20,372,1007,-67,496,1021,-171,310,1033,43,425,1061,-385,284,1042,30,410,1073,-416,311,1068,48,399,1090,-418,312,1066,51,405,1087,-392,461,867,-13,525,865,14,435,643,-23,523,666,58,423,419,2,564,436,110,442,366,0,568,405,114,411,367,-105,584,371,25
555,1279,-317,558,1299,-304,558,1298,-304,559,1298,-305,558,1298,-329,555,1298,-329,555,1299,-329,551,1289,-166,541,1304,-272,556,1260,-256,550,1262,-290,564,1158,-78,477,1180,-202,597,1025,-54,469,1063,-248,607,1007,-247,415,1021,-455,612,959,-302,408,997,-519,592,977,-361,411,1006,-562,590,991,-279,415,1015,-478,506,876,46,488,882,-46,558,647,-15,486,665,-86,581,426,95,452,434,73,569,388,92,493,402,78,641,384,-144,545,365,-42
563,1224,474,559,1241,456,556,1240,455,558,1239,456,568,1247,438,570,1250,439,573,1254,438,532,1239,354,564,1266,269,552,1211,444,558,1220,421,420,1163,278,595,1172,-16,413,1047,311,738,1226,159,335,984,403,746,1248,522,319,952,433,763,1267,574,324,978,456,742,1254,597,340,988,421,733,1240,543,426,836,88,536,875,-90,511,668,702,625,731,199,560,502,233,602,529,-305,500,477,185,582,499,-354,567,429,184,658,447,-368
539,1227,388,520,1243,348,515,1242,347,511,1241,347,567,1247,338,556,1252,338,554,1256,338,502,1239,205,553,1263,161,519,1217,346,548,1222,332,421,1167,169,599,1184,18,413,1028,241,647,1159,165,393,976,407,622,1165,602,366,961,437,631,1172,670,372,984,445,618,1176,678,397,984,416,610,1168,618,402,841,80,522,876,-81,458,667,367,573,766,-24,431,473,20,555,538,-424,414,442,-18,539,505,-460,474,403,-85,576,449,-517
546,1228,167,534,1244,154,527,1243,154,518,1242,154,557,1248,256,552,1253,257,551,1257,257,516,1256,144,543,1263,-37,526,1221,173,541,1225,324,468,1164,257,569,1207,-211,399,1055,354,436,1146,-544,372,1002,437,449,1150,-801,342,988,458,439,1151,-874,350,1007,428,451,1158,-829,357,1031,427,452,1153,-790,441,849,191,506,875,-191,458,667,143,545,760,-249,379,462,89,544,500,-301,327,433,78,492,475,-308,395,393,-31,549,389,-411
573,1269,-54,565,1289,-29,571,1286,-29,570,1286,-29,564,1293,-70,561,1293,-70,558,1294,-70,554,1288,123,541,1285,-100,567,1250,14,557,1252,-39,546,1167,323,502,1201,-200,597,1080,493,448,1122,-335,616,1110,554,455,1086,-373,613,1123,570,451,1062,-410,617,1126,539,459,1068,-415,616,1127,539,457,1072,-376,502,874,193,481,887,-193,576,709,53,534,732,-353,444,489,-7,474,482,-349,391,462,-20,435,443,-353,526,409,-135,540,359,-491
572,1297,-447,571,1318,-401,575,1318,-401,576,1318,-401,558,1320,-436,555,1320,-436,553,1319,-436,557,1315,-111,521,1310,-278,576,1276,-333,558,1276,-380,580,1206,206,480,1216,-299,635,1168,290,422,1146,-548,589,1200,352,448,1175,-758,576,1203,292,448,1171,-821,573,1210,281,456,1182,-812,577,1205,299,454,1179,-756,527,896,212,476,894,-212,644,702,166,505,674,-308,616,505,326,418,440,-249,584,474,331,371,391,-226,717,437,212,525,346,-403
567,1305,-414,570,1328,-363,572,1327,-363,571,1327,-363,543,1329,-401,533,1329,-401,522,1329,-401,555,1321,-89,487,1319,-260,568,1282,-309,548,1283,-359,575,1198,178,439,1219,-332,619,1107,304,401,1210,-725,601,1150,243,440,1354,-1030,600,1123,227,449,1341,-1117,590,1136,212,457,1348,-1085,590,1154,225,455,1336,-1025,518,888,202,447,888,-203,655,714,122,482,663,-353,671,520,242,408,427,-249,647,483,244,362,384,-243,787,467,111,500,343,-461
565,1299,-472,561,1322,-425,566,1322,-425,569,1322,-425,529,1322,-454,517,1322,-454,504,1322,-454,548,1318,-149,473,1312,-277,564,1277,-367,534,1276,-404,578,1199,93,428,1211,-297,636,1142,250,394,1235,-544,619,1170,275,440,1357,-550,596,1184,274,484,1354,-596,587,1195,282,485,1347,-567,586,1192,274,480,1333,-542,518,885,162,417,878,-162,606,708,45,449,665,-373,588,501,283,402,419,-136,566,468,304,360,376,-110,672,439,180,477,336,-299
531,1306,-345,524,1328,-297,529,1328,-297,533,1329,-297,503,1326,-329,494,1324,-329,484,1322,-329,520,1322,-102,457,1309,-178,538,1287,-240,512,1283,-282,572,1200,241,415,1207,-220,611,1119,316,451,1139,-382,595,1141,239,536,1205,-348,589,1145,236,559,1220,-383,587,1163,232,555,1233,-378,580,1157,236,547,1225,-343,517,881,166,410,877,-166,576,700,-54,447,687,-517,470,498,164,395,414,-257,431,460,173,359,381,-227,540,397,41,466,329,-405
510,1310,-526,508,1333,-488,512,1336,-488,516,1338,-488,488,1327,-495,480,1324,-495,471,1322,-496,513,1328,-230,451,1309,-261,521,1294,-425,494,1285,-435,573,1211,0,402,1205,-238,632,1151,38,370,1091,-509,591,1166,9,419,1172,-853,584,1166,2,427,1200,-926,577,1176,8,431,1227,-907,576,1172,12,432,1222,-853,508,878,127,412,870,-127,567,703,-132,420,670,-365,457,530,256,386,419,-63,423,514,290,360,386,-34,499,431,161,427,335,-244
500,1317,-358,500,1338,-325,503,1339,-325,504,1340,-325,486,1334,-349,478,1333,-349,472,1332,-350,501,1328,-118,451,1320,-219,502,1298,-271,485,1293,-304,537,1213,116,399,1214,-275,613,1177,174,380,1151,-631,587,1231,88,372,1208,-979,580,1241,78,359,1224,-1064,573,1255,80,369,1237,-1051,573,1249,90,375,1231,-983,473,873,158,397,870,-158,479,680,182,404,663,-175,393,520,394,374,420,47,356,443,406,356,387,63,443,429,280,445,346,-101
500,1315,-299,500,1336,-263,507,1336,-263,509,1338,-263,491,1335,-311,478,1327,-311,474,1327,-312,504,1324,-50,458,1319,-189,500,1297,-212,483,1295,-280,535,1200,139,392,1210,-236,606,1147,214,354,1144,-502,607,1177,117,347,1159,-774,615,1180,100,334,1155,-845,606,1195,75,348,1169,-853,601,1192,105,353,1169,-784,466,862,152,379,868,-152,481,673,164,405,659,-189,411,508,375,363,420,38,380,460,386,330,414,56,465,436,264,401,347,-103
461,1326,-434,480,1339,-391,486,1338,-391,491,1338,-392,460,1341,-404,448,1340,-404,444,1340,-404,496,1322,-148,429,1325,-206,477,1298,-342,442,1302,-360,523,1199,-21,360,1209,-147,567,1125,5,304,1075,-338,556,1162,-107,265,1124,-730,558,1166,-130,244,1137,-810,554,1186,-148,246,1160,-835,550,1183,-117,259,1153,-751,448,871,8,332,883,-8,417,703,-84,331,686,-205,392,499,51,348,461,0,392,456,51,350,438,13,400,404,-157,317,352,-169
444,1293,-560,458,1319,-537,467,1321,-538,478,1323,-538,434,1316,-533,425,1315,-533,417,1315,-533,499,1314,-306,414,1307,-281,466,1272,-465,435,1269,-459,540,1174,-120,358,1206,-133,580,1074,-213,310,1054,-289,559,1109,-537,274,1106,-733,560,1110,-600,268,1115,-815,554,1132,-611,274,1141,-831,550,1131,-546,284,1135,-750,450,872,22,354,869,-22,528,682,-268,345,654,-276,525,478,50,325,457,16,480,439,68,335,432,38,557,383,-150,300,347,-189
417,1287,-301,434,1314,-342,438,1317,-343,449,1320,-343,418,1309,-278,415,1309,-278,412,1308,-279,468,1312,-223,423,1300,-89,437,1269,-298,425,1266,-217,538,1164,-132,359,1185,11,536,1018,-250,291,1042,-116,514,1060,-447,294,1094,-485,513,1065,-491,295,1104,-545,519,1085,-492,296,1127,-556,514,1083,-448,301,1121,-502,435,849,-21,334,860,21,481,650,-175,323,644,-96,400,452,98,326,451,206,373,426,72,337,429,233,356,362,-67,289,343,79
392,1274,-166,411,1304,-187,416,1307,-187,426,1310,-187,399,1299,-139,398,1297,-139,397,1296,-140,454,1304,-174,415,1288,38,411,1257,-155,404,1252,-91,549,1159,-93,350,1158,96,534,997,-164,275,1013,-3,509,962,-326,311,1050,-333,508,940,-363,316,1050,-389,509,962,-383,325,1101,-392,505,971,-333,329,1098,-345,439,840,-34,335,843,34,470,645,-351,327,620,-124,415,431,-107,317,443,138,393,404,-94,330,423,160,422,361,-291,282,333,5
409,1264,-234,417,1293,-232,422,1296,-232,427,1299,-233,410,1288,-216,407,1287,-216,406,1286,-216,460,1283,-200,421,1280,-53,425,1249,-190,414,1245,-163,553,1153,-129,355,1157,9,525,999,-247,276,1036,-163,502,978,-490,322,1082,-568,502,959,-546,318,1088,-652,511,992,-572,336,1094,-673,499,990,-503,340,1095,-592,448,827,-39,347,843,40,437,620,-211,322,619,-42,387,416,4,290,437,187,372,389,14,300,412,204,395,335,-174,259,334,41
410,1265,-320,419,1294,-309,426,1296,-309,433,1298,-309,403,1290,-286,398,1288,-286,392,1287,-286,455,1284,-183,388,1275,-82,425,1247,-259,403,1244,-225,551,1150,-120,337,1159,33,535,992,-256,266,1028,-64,493,1000,-518,315,1063,-407,482,993,-574,318,1062,-473,481,1018,-578,326,1084,-486,478,1019,-521,330,1083,-423,449,817,-48,331,823,48,462,620,-159,308,624,1,475,425,199,289,438,312,456,403,221,312,405,336,507,343,27,243,336,169
419,1289,-332,429,1313,-306,436,1313,-306,443,1313,-306,407,1312,-292,398,1312,-292,388,1312,-293,457,1299,-96,376,1299,-73,433,1266,-255,408,1269,-237,535,1153,-7,318,1169,17,505,1007,-73,269,1033,-138,501,983,-342,368,1078,-482,491,965,-395,400,1076,-511,487,978,-424,400,1103,-501,485,979,-354,389,1100,-494,454,834,-31,337,842,31,452,676,-469,294,656,-237,475,455,-204,281,441,-37,450,442,-190,303,406,-27,502,349,-419,245,336,-241
415,1302,-430,428,1323,-400,437,1322,-400,445,1321,-400,400,1323,-401,390,1322,-401,379,1320,-401,459,1305,-169,366,1305,-187,431,1276,-341,399,1278,-344,532,1154,-85,309,1170,-22,512,1016,-220,243,1040,-171,498,1010,-584,210,1059,-595,486,1011,-662,193,1051,-665,483,1040,-667,199,1075,-699,480,1039,-593,212,1075,-621,458,836,-24,334,840,24,481,673,-399,288,640,-76,477,464,-30,259,429,283,443,448,-16,297,406,310,498,353,-206,234,336,140
400,1305,-450,412,1327,-401,422,1327,-402,432,1326,-402,384,1325,-412,373,1324,-412,362,1321,-412,447,1308,-114,348,1304,-165,419,1279,-336,384,1277,-348,524,1164,62,305,1176,-129,544,1018,-169,302,1044,-405,556,1013,-701,474,1054,-710,564,1000,-820,519,1029,-805,551,1025,-846,532,1048,-798,543,1028,-727,524,1053,-712,480,852,55,339,842,-55,622,671,-377,307,634,-308,528,469,240,282,422,183,487,460,294,304,401,211,561,355,59,256,318,-57
402,1315,-652,415,1342,-606,425,1341,-606,435,1340,-606,384,1341,-610,372,1339,-610,360,1336,-610,450,1324,-290,343,1311,-307,423,1285,-530,385,1283,-534,530,1199,-52,313,1179,-237,582,1049,-233,320,1046,-487,594,977,-755,465,1055,-838,592,957,-874,516,1030,-940,570,980,-925,518,1060,-936,568,981,-788,509,1064,-838,499,860,54,362,855,-54,640,670,-303,298,635,-264,552,468,171,241,412,127,529,438,203,246,384,152,611,359,22,173,319,-171
407,1339,-711,421,1368,-666,435,1367,-666,448,1366,-667,394,1366,-663,384,1363,-663,373,1359,-663,470,1346,-351,360,1333,-341,430,1302,-590,394,1301,-586,551,1224,-158,321,1197,-165,609,1071,-421,237,1060,-382,586,1008,-1049,212,1104,-1002,584,960,-1180,203,1106,-1129,588,1002,-1216,198,1167,-1154,586,998,-1079,224,1133,-1027,515,877,28,380,878,-28,587,678,-513,280,700,-556,485,456,-122,225,415,-235,456,426,-99,231,384,-216,516,353,-392,185,316,-553
450,1353,-764,467,1377,-716,479,1376,-716,492,1374,-716,435,1373,-721,422,1369,-722,410,1365,-722,512,1349,-397,398,1343,-429,472,1319,-641,434,1318,-650,580,1226,-230,332,1204,-223,608,1073,-503,252,1075,-426,526,1095,-1060,247,1091,-949,495,1088,-1181,257,1057,-1061,492,1122,-1184,274,1097,-1084,498,1118,-1073,278,1099,-969,528,873,26,386,879,-26,568,666,-403,278,707,-552,482,442,-21,226,418,-148,456,414,1,226,385,-120,511,349,-274,193,313,-429
483,1350,-629,504,1367,-580,514,1366,-580,525,1365,-580,467,1365,-583,457,1361,-583,448,1357,-583,545,1345,-303,436,1335,-313,509,1309,-515,464,1300,-519,603,1219,-213,351,1206,-106,635,1095,-437,260,1074,-155,542,1172,-797,239,1086,-483,504,1122,-883,222,1062,-551,494,1147,-878,233,1096,-586,499,1144,-802,251,1099,-506,540,859,-66,399,876,66,477,674,-412,281,721,-389,390,444,-205,227,449,-121,383,416,-192,238,411,-105,361,352,-392,157,341,-321
530,1347,-563,552,1369,-497,561,1367,-497,570,1365,-496,516,1370,-512,506,1368,-513,496,1370,-513,579,1343,-202,475,1347,-258,543,1312,-436,511,1310,-463,620,1215,-159,383,1217,-54,640,1126,-338,294,1121,-202,580,1194,-541,274,1153,-548,505,1160,-594,230,1150,-619,508,1196,-573,240,1171,-629,499,1173,-534,269,1157,-560,540,848,-76,406,869,75,430,673,-399,262,718,-381,336,441,-196,218,446,-151,330,412,-182,233,408,-135,296,353,-377,157,340,-346
539,1342,-451,554,1365,-417,562,1364,-417,570,1364,-417,527,1363,-432,517,1362,-432,507,1363,-433,571,1340,-167,493,1346,-247,545,1308,-348,513,1307,-373,609,1217,-142,391,1219,-45,629,1115,-354,281,1119,-232,571,1162,-684,260,1135,-674,529,1166,-760,240,1128,-749,527,1193,-732,256,1151,-777,524,1183,-680,269,1143,-696,539,842,-82,409,852,82,388,648,-371,261,713,-357,309,385,-205,230,411,-95,305,344,-200,245,370,-77,269,305,-412,152,310,-291
599,1337,-691,601,1375,-641,605,1372,-641,619,1368,-641,572,1377,-677,565,1375,-677,552,1377,-677,602,1349,-293,526,1356,-468,602,1312,-553,566,1310,-604,622,1215,-114,410,1244,-302,660,1078,-174,293,1116,-567,595,1113,-561,338,1151,-999,574,1111,-627,347,1153,-1091,570,1156,-631,358,1177,-1087,570,1162,-569,361,1170,-1003,567,831,54,410,831,-54,606,591,-120,271,618,-345,606,374,294,197,359,108,609,346,323,231,339,144,697,290,77,160,280,-140
561,1335,-541,561,1375,-497,567,1374,-498,581,1364,-498,537,1374,-552,534,1369,-552,523,1370,-552,584,1347,-207,499,1355,-363,565,1309,-424,535,1309,-504,612,1213,-55,399,1235,-229,633,1061,-151,292,1116,-441,555,1110,-533,293,1100,-788,537,1103,-614,279,1079,-891,534,1140,-632,298,1095,-953,541,1140,-549,305,1099,-815,561,833,52,409,832,-52,598,609,-302,274,628,-514,713,375,62,250,378,-96,669,348,85,266,352,-63,782,266,-219,242,274,-360
547,1277,-401,508,1313,-383,519,1314,-383,519,1313,-383,528,1305,-422,521,1306,-422,512,1307,-422,569,1296,-170,489,1301,-335,553,1254,-309,527,1255,-362,606,1178,50,412,1197,-288,636,988,186,374,1041,-405,616,992,75,418,981,-554,611,987,56,422,957,-613,611,1016,18,433,973,-621,610,1018,58,435,979,-558,554,810,89,421,820,-90,612,593,-79,318,625,-448,659,366,189,246,386,-65,642,337,205,249,357,-37,715,258,11,215,284,-280
515,1246,-238,501,1274,-205,505,1274,-205,504,1274,-205,506,1269,-263,515,1273,-263,507,1276,-263,504,1264,2,483,1278,-275,511,1221,-151,501,1219,-229,525,1152,193,393,1169,-283,599,968,324,350,995,-357,633,919,159,403,893,-367,647,904,141,415,861,-417,650,927,81,428,876,-428,642,931,128,425,885,-370,461,795,114,385,798,-114,426,591,43,351,599,-307,380,365,181,246,366,-72,366,339,186,236,343,-54,392,263,39,215,257,-220
478,1232,-146,475,1240,-120,476,1241,-120,476,1241,-120,467,1237,-171,467,1237,-171,466,1238,-172,465,1236,55,455,1245,-189,476,1207,-72,472,1204,-142,501,1122,223,393,1146,-277,579,994,279,401,1009,-428,629,1018,166,524,970,-462,640,1045,149,553,949,-500,640,1067,131,562,968,-488,635,1057,152,549,972,-454,454,780,118,385,777,-118,446,599,68,360,602,-214,437,416,180,252,374,-61,384,396,185,238,350,-43,426,322,97,225,263,-168
453,1218,-295,466,1254,-265,469,1255,-265,477,1254,-266,451,1250,-279,449,1248,-279,435,1247,-279,482,1226,-48,417,1246,-79,466,1202,-206,438,1202,-223,523,1121,67,349,1149,75,584,987,-34,293,1023,-28,616,971,-280,357,1045,-343,621,960,-339,372,1042,-401,618,984,-362,375,1064,-414,613,986,-295,373,1061,-357,459,775,-38,364,784,39,406,605,-305,358,607,-261,384,409,-139,296,387,-73,380,386,-128,301,363,-56,378,315,-295,235,269,-188
837,1269,-19,802,1284,14,803,1284,14,804,1284,14,796,1285,-47,788,1285,-47,809,1281,-48,795,1272,183,768,1271,-106,801,1247,47,822,1250,-37,820,1185,318,714,1186,-224,857,1027,340,692,1061,-456,857,1057,127,800,1062,-564,854,1055,96,824,1048,-621,850,1078,90,834,1070,-601,850,1077,118,824,1071,-555,780,874,152,712,870,-152,894,814,-160,780,773,-487,940,556,-99,866,506,-342,928,530,-99,866,480,-326,1046,498,-230,929,401,-457
852,1249,-179,848,1267,-147,853,1268,-147,858,1269,-147,831,1265,-169,823,1265,-169,818,1264,-169,808,1255,48,773,1250,-78,854,1231,-103,835,1228,-134,875,1171,147,708,1174,-21,953,1052,-49,641,1048,-141,954,1144,-457,668,1060,-328,967,1177,-526,653,1035,-358,951,1184,-500,667,1051,-372,941,1169,-456,670,1049,-336,825,877,87,746,855,-87,990,768,-235,777,692,-439,991,556,-113,852,473,-228,959,519,-108,843,441,-209,1065,480,-252,914,383,-369
830,1241,-152,847,1252,-77,850,1251,-77,844,1251,-77,827,1251,-121,816,1250,-121,812,1249,-121,814,1240,58,790,1237,-46,845,1229,-39,814,1226,-78,868,1168,152,757,1166,-74,952,1063,61,749,1081,-278,975,1166,-147,806,1159,-418,975,1195,-181,820,1175,-455,961,1195,-169,818,1185,-441,950,1180,-147,815,1174,-415,830,876,86,798,853,-86,979,744,-104,873,703,-188,980,553,-48,884,480,-107,958,509,-50,870,450,-101,1032,467,-157,935,415,-195
821,1229,-313,838,1231,-285,841,1230,-285,842,1229,-285,822,1231,-291,813,1231,-290,811,1231,-291,842,1219,-98,806,1223,-111,838,1215,-237,814,1215,-244,889,1157,1,747,1155,-106,975,1078,-230,732,1066,-325,968,1144,-598,817,1123,-641,981,1162,-674,838,1121,-711,963,1176,-666,843,1136,-695,956,1155,-603,837,1131,-643,849,869,70,773,853,-70,994,751,-153,852,687,-263,990,554,-12,913,480,-80,967,511,-4,913,473,-67,1053,472,-160,966,417,-236
816,1235,-301,833,1242,-264,835,1241,-264,839,1240,-264,821,1242,-274,811,1242,-274,806,1241,-274,842,1226,-46,800,1230,-102,834,1219,-218,808,1220,-232,885,1153,99,741,1148,-92,985,1069,-101,728,1038,-330,962,1145,-485,795,1074,-624,972,1151,-561,831,1075,-701,959,1170,-553,832,1097,-694,954,1161,-490,836,1102,-628,842,866,85,762,853,-85,1014,754,-144,798,648,-298,996,566,90,901,458,-186,976,526,106,904,467,-194,1058,490,-36,974,401,-435
817,1218,-326,832,1232,-294,836,1231,-294,842,1229,-294,819,1234,-306,809,1233,-306,801,1232,-306,843,1220,-78,794,1221,-133,832,1195,-241,804,1197,-259,880,1140,45,757,1145,-79,973,1052,-3,745,1029,-270,954,1072,-391,833,1034,-540,958,1068,-508,857,1026,-607,946,1084,-408,864,1045,-604,943,1083,-409,859,1047,-546,854,862,48,780,850,-48,1004,758,-327,811,672,-342,1011,585,70,897,467,-133,992,559,25,901,474,-111,1058,495,-101,965,393,-290
819,1192,-249,836,1213,-210,842,1211,-211,849,1209,-211,818,1217,-230,809,1217,-230,799,1218,-230,846,1203,-23,782,1208,-39,838,1168,-166,805,1173,-195,881,1116,97,756,1116,59,968,1024,-57,736,1009,-48,919,1064,-344,822,1034,-236,904,1068,-409,845,1030,-285,890,1084,-376,850,1049,-276,893,1078,-340,845,1048,-236,878,848,20,783,827,-20,983,748,-369,788,664,-431,1024,590,-130,791,446,-175,1016,557,-119,795,433,-152,1056,512,-310,838,332,-414
820,1177,-290,835,1199,-262,840,1198,-262,846,1196,-263,817,1202,-266,808,1203,-266,798,1204,-266,843,1190,-62,780,1197,-52,836,1157,-210,805,1160,-219,878,1110,0,761,1116,50,965,1021,-128,743,1019,13,916,1071,-332,773,1033,-108,904,1073,-383,770,1028,-130,891,1093,-362,773,1039,-151,892,1086,-328,774,1038,-119,863,841,-27,787,815,27,912,749,-440,759,617,-225,1031,586,-287,800,441,-86,1029,552,-274,855,417,-78,1061,517,-430,829,320,-250
827,1167,-408,839,1190,-367,843,1188,-367,849,1187,-367,822,1194,-395,813,1195,-395,802,1196,-395,841,1184,-113,780,1188,-243,836,1150,-308,807,1152,-348,877,1104,9,736,1112,-167,968,1021,-212,723,1022,-413,917,1102,-563,777,1035,-636,906,1120,-641,785,1030,-698,907,1134,-608,788,1041,-688,893,1122,-560,786,1039,-635,848,837,12,734,817,-13,921,727,-337,728,622,-309,1034,574,-181,803,435,-114,1026,538,-169,827,416,-103,1108,511,-358,841,340,-280
829,1161,-227,841,1184,-184,845,1183,-184,850,1182,-184,824,1188,-204,816,1189,-204,805,1190,-204,845,1179,55,786,1187,-39,837,1146,-133,808,1148,-161,878,1100,208,734,1117,-37,963,1023,38,722,1035,-212,924,1104,-281,794,1017,-392,912,1121,-356,808,1003,-454,927,1144,-331,818,1015,-461,899,1124,-282,812,1016,-397,852,852,88,750,837,-88,927,736,-73,764,638,-284,1027,568,-25,803,443,-182,1020,531,-30,802,421,-191,1113,531,-206,852,377,-414
829,1169,-66,840,1186,-21,844,1185,-21,849,1184,-21,824,1190,-45,817,1192,-45,809,1194,-45,843,1181,186,791,1192,75,835,1153,10,808,1157,-22,871,1097,226,716,1122,56,934,1015,30,725,1027,-114,838,1032,-252,820,1023,-241,795,1025,-329,842,1012,-301,800,1047,-294,844,1026,-288,805,1044,-246,837,1024,-237,835,869,64,722,862,-64,925,723,-114,709,646,-229,1022,568,66,731,471,-64,1015,540,79,736,454,-54,1087,525,-91,753,390,-260
829,1175,-26,840,1187,19,844,1186,19,849,1186,19,824,1195,-4,818,1197,-4,809,1200,-4,847,1182,250,792,1201,137,835,1158,61,809,1160,27,871,1104,348,717,1145,132,918,1016,162,726,1034,-38,849,1050,-140,818,1079,-167,821,1055,-203,837,1086,-218,824,1073,-175,839,1105,-195,826,1068,-137,833,1094,-158,825,896,64,713,891,-64,906,731,-101,704,670,-188,1001,575,77,677,484,-53,999,549,90,694,460,-47,1061,529,-91,699,403,-279
828,1206,-47,840,1218,-5,845,1216,-5,850,1215,-5,824,1224,-21,817,1226,-21,809,1228,-21,853,1208,203,792,1224,128,835,1187,31,808,1192,9,871,1108,281,718,1167,126,898,1010,97,729,1043,-83,920,1094,-199,827,1089,-274,935,1115,-258,843,1087,-325,927,1137,-241,843,1103,-303,923,1131,-200,840,1102,-268,821,906,41,708,904,-41,894,735,-146,679,707,-201,941,581,41,665,521,-39,936,555,55,676,499,-29,981,525,-112,648,446,-236
829,1221,-19,843,1237,14,849,1235,14,854,1234,13,827,1241,-5,821,1244,-5,814,1246,-5,858,1227,195,800,1243,100,837,1205,51,811,1210,23,874,1133,290,727,1186,80,902,1023,174,736,1055,-125,965,1117,-62,825,1098,-306,993,1156,-114,840,1101,-346,982,1169,-106,843,1118,-337,974,1160,-68,838,1114,-310,819,926,41,716,929,-41,874,749,-104,701,754,-204,912,570,-121,700,567,-130,893,554,-133,725,546,-132,964,517,-302,732,496,-244
841,1229,-53,852,1246,-3,858,1245,-3,862,1243,-4,835,1251,-38,828,1253,-38,820,1255,-39,864,1238,162,804,1252,60,849,1215,16,827,1221,-27,883,1149,258,739,1198,64,906,1050,115,735,1109,-192,974,1109,-137,797,1193,-493,992,1156,-189,815,1216,-561,986,1165,-189,808,1229,-547,972,1155,-79,811,1216,-495,812,934,34,720,948,-34,852,757,-128,691,768,-173,836,603,45,675,593,26,832,570,56,682,575,40,876,527,-116,668,519,-139
847,1246,-200,857,1261,-160,861,1260,-160,866,1258,-160,840,1265,-174,834,1266,-174,826,1266,-174,868,1248,44,811,1258,-19,855,1228,-122,834,1234,-142,889,1155,149,756,1197,-38,902,1046,123,734,1188,-355,943,967,-50,788,1272,-671,967,951,-84,799,1293,-753,959,952,-126,802,1299,-731,958,957,-68,802,1289,-673,809,938,39,723,952,-39,807,757,-96,687,795,-173,772,610,132,681,644,76,752,583,146,685,632,94,798,539,-34,678,570,-80
862,1248,-440,870,1263,-403,875,1261,-403,880,1259,-403,853,1266,-414,846,1267,-414,837,1267,-414,881,1250,-174,821,1259,-224,870,1229,-352,850,1233,-367,904,1154,-24,772,1203,-193,903,1046,-15,734,1175,-496,905,950,-178,806,1237,-834,915,930,-188,823,1234,-916,908,934,-276,823,1245,-898,898,943,-209,827,1249,-835,809,939,32,730,958,-32,795,760,-117,681,803,-110,756,611,103,665,669,235,737,586,114,670,655,261,786,542,-93,651,604,77
861,1241,-313,873,1256,-290,878,1255,-290,883,1254,-290,854,1260,-294,847,1261,-294,840,1261,-294,886,1245,-121,826,1254,-142,869,1223,-243,847,1227,-250,911,1151,-21,771,1195,-91,904,1046,-31,719,1140,-327,882,955,-207,755,1200,-610,885,936,-234,787,1208,-677,873,955,-285,792,1222,-665,870,958,-227,783,1215,-612,808,937,6,730,958,-6,788,758,-57,678,803,-25,752,615,131,656,663,197,732,589,140,671,647,213,788,546,-26,626,607,62
863,1242,-251,873,1258,-235,878,1257,-235,883,1256,-235,856,1260,-222,849,1261,-222,842,1260,-222,886,1246,-40,827,1252,-74,870,1222,-233,845,1226,-197,906,1151,54,776,1191,-25,901,1045,34,723,1137,-275,870,955,-81,769,1183,-592,881,944,-111,788,1191,-665,868,949,-147,793,1203,-655,860,970,-97,790,1197,-598,804,944,1,730,970,-1,784,760,-89,657,833,-33,762,613,6,643,701,242,738,588,5,652,684,264,783,549,-186,615,646,130
860,1240,-199,871,1257,-187,876,1256,-187,882,1256,-187,852,1258,-176,846,1258,-176,839,1260,-176,887,1244,-31,824,1249,-37,868,1220,-179,843,1224,-146,915,1150,34,773,1184,19,902,1037,25,722,1103,-73,861,955,-112,729,1087,-326,847,925,-148,738,1077,-385,827,932,-176,741,1094,-394,829,952,-125,741,1095,-336,806,943,3,730,969,-3,780,765,-98,673,869,-206,760,613,4,657,726,-4,741,588,5,662,711,13,781,550,-172,635,660,-101
858,1239,-355,870,1255,-336,876,1255,-337,881,1254,-337,852,1257,-341,845,1258,-341,839,1259,-341,888,1243,-179,829,1248,-201,866,1219,-293,842,1223,-298,916,1150,-51,779,1184,-141,902,1027,-16,722,1102,-160,851,949,-147,723,1019,-323,833,923,-186,738,993,-374,816,939,-234,753,1008,-394,820,950,-167,752,1018,-332,816,945,22,734,970,-22,786,779,-15,737,832,-101,762,622,74,724,676,8,744,597,72,705,669,32,789,556,-102,716,627,-110
860,1238,-431,871,1254,-412,876,1253,-412,881,1252,-413,855,1256,-415,849,1257,-415,843,1259,-415,887,1242,-241,834,1248,-252,867,1219,-361,845,1222,-364,913,1149,-90,783,1184,-157,922,1027,-43,722,1077,-126,843,957,-204,726,973,-247,828,932,-251,725,941,-293,818,945,-291,736,945,-329,821,956,-223,741,957,-263,802,946,36,734,969,-36,785,781,-15,736,832,-90,763,625,86,730,661,42,747,603,85,713,644,48,787,557,-99,712,598,-109
864,1237,-376,874,1254,-358,879,1253,-358,884,1252,-359,860,1255,-353,854,1256,-353,849,1257,-353,888,1241,-207,840,1247,-184,869,1218,-315,850,1221,-308,912,1151,-131,785,1183,-34,935,1036,-109,724,1096,54,850,963,-233,721,1042,-78,837,950,-279,725,1025,-112,826,962,-297,728,1033,-154,828,972,-241,730,1040,-100,797,954,-25,734,980,25,779,786,-26,729,834,-18,768,632,72,721,684,158,757,610,73,712,665,169,779,565,-106,688,633,28
863,1240,-453,874,1256,-429,879,1255,-430,883,1254,-430,861,1256,-420,856,1257,-420,852,1257,-420,888,1243,-257,843,1248,-211,868,1222,-385,850,1225,-373,916,1151,-155,785,1179,-56,932,1044,-345,722,1099,-78,935,1078,-701,732,1054,-329,937,1081,-782,735,1038,-404,934,1097,-787,739,1041,-451,930,1095,-713,741,1042,-363,802,968,-34,744,996,35,779,797,-148,692,937,-314,774,631,-49,668,764,-145,766,609,-50,675,740,-134,780,565,-287,636,707,-329
866,1252,-295,877,1262,-283,882,1261,-283,886,1260,-283,864,1263,-263,859,1263,-263,855,1263,-263,891,1246,-181,847,1252,-93,871,1232,-265,853,1237,-233,924,1147,-124,784,1172,43,916,1026,-325,718,1089,18,927,1103,-541,693,1038,-220,914,1127,-593,678,1029,-258,904,1144,-570,678,1036,-301,901,1135,-536,687,1037,-245,791,960,-67,735,992,67,784,800,-50,672,1092,-220,783,631,80,589,936,-46,802,609,87,586,906,-38,779,577,-98,535,920,-192
863,1253,-262,876,1261,-263,881,1260,-264,886,1259,-264,862,1262,-240,857,1262,-240,854,1262,-240,890,1244,-210,853,1251,-103,868,1234,-253,851,1239,-213,923,1149,-238,785,1165,18,948,1082,-502,732,1056,81,999,1151,-725,686,994,-22,1015,1164,-780,669,978,-33,1012,1173,-771,664,979,-82,1006,1171,-728,674,982,-46,795,952,-91,734,985,91,788,784,-63,675,1010,184,808,628,-7,595,936,322,831,607,-7,591,910,332,780,572,-178,544,937,266
862,1251,-143,876,1259,-152,880,1257,-153,884,1256,-153,861,1259,-124,856,1259,-124,852,1258,-124,890,1238,-206,851,1245,-15,867,1233,-138,850,1236,-99,920,1149,-205,787,1153,111,921,1058,-363,750,1039,157,825,1109,-490,702,981,54,802,1094,-536,697,962,39,807,1108,-560,697,968,11,814,1108,-490,704,974,37,797,940,-120,749,958,120,790,774,-115,738,850,163,813,627,8,748,720,342,831,605,9,761,698,356,784,570,-128,698,676,285
848,1244,-146,860,1251,-157,865,1250,-157,869,1249,-157,851,1251,-126,848,1250,-126,846,1250,-126,884,1234,-199,849,1239,1,856,1227,-135,844,1226,-94,920,1152,-179,802,1146,151,900,1058,-306,755,1052,165,791,1080,-423,709,1003,-9,773,1089,-459,706,985,-35,777,1105,-429,707,993,-61,784,1100,-398,711,999,-26,810,940,-110,763,959,110,793,769,-157,734,967,278,817,626,-74,673,920,478,835,604,-71,674,903,497,786,568,-245,621,918,446
845,1238,-109,857,1246,-119,862,1246,-119,867,1245,-120,845,1245,-88,842,1244,-88,839,1244,-88,883,1231,-129,848,1233,33,855,1223,-101,841,1221,-59,918,1152,-156,804,1140,149,847,1060,-289,750,1045,199,775,1070,-273,713,995,106,773,1036,-304,711,980,86,773,1048,-300,713,987,66,778,1050,-269,716,992,93,831,940,-109,781,959,109,796,770,-178,738,930,98,818,627,-84,732,782,338,830,607,-78,746,758,346,789,569,-221,683,732,184
834,1219,-63,843,1231,-61,848,1232,-61,854,1233,-62,831,1229,-38,828,1228,-38,825,1227,-38,872,1226,-2,834,1219,112,846,1205,-35,832,1201,-3,918,1152,9,807,1137,210,939,1068,-190,757,1045,96,972,1127,-320,811,1090,-178,941,1137,-357,832,1093,-224,943,1146,-341,846,1112,-196,937,1137,-316,819,1069,-178,844,938,-101,788,959,101,799,764,-201,741,902,14,822,602,-209,739,743,77,832,581,-215,753,716,81,791,559,-388,687,694,-19
824,1190,-113,830,1206,-158,835,1208,-158,841,1210,-158,819,1202,-42,817,1201,-43,814,1200,-44,859,1211,-185,823,1198,17,838,1177,-133,826,1173,-47,917,1150,-205,818,1129,139,899,1073,-290,754,1051,140,854,1099,-333,678,1052,56,837,1104,-363,655,1060,47,838,1126,-357,658,1059,14,841,1119,-331,668,1045,37,858,918,-127,807,937,127,803,763,-190,767,832,173,830,602,-139,772,687,309,842,579,-138,786,663,320,788,560,-284,717,641,252
